c Result of efficient AIG-to-CNF conversion using package CNF
p cnf 1459 5712
-2 -3 1271 1401 0
-2 842 1271 1401 0
2 -1401 0
2 -1271 0
2 3 -842 0
3 -4 -791 0
-3 4 0
-3 791 0
4 -751 752 0
4 -5 752 0
-4 -752 0
-4 5 751 0
-5 6 700 0
-5 659 660 0
-5 6 660 0
-5 659 700 0
5 -6 -659 0
5 -660 -700 0
-6 7 608 0
-6 567 568 0
-6 7 568 0
-6 567 608 0
6 -7 -567 0
6 -568 -608 0
-7 8 516 0
-7 475 476 0
-7 8 476 0
-7 475 516 0
7 -8 -475 0
7 -476 -516 0
-8 9 424 0
-8 383 384 0
-8 9 384 0
-8 383 424 0
8 -9 -383 0
8 -384 -424 0
-9 10 332 0
-9 291 292 0
-9 10 292 0
-9 291 332 0
9 -10 -291 0
9 -292 -332 0
-10 11 240 0
-10 199 200 0
-10 11 200 0
-10 199 240 0
10 -11 -199 0
10 -200 -240 0
-11 12 147 0
-11 101 102 0
-11 101 147 0
-11 12 102 0
11 -12 -101 0
11 -102 -147 0
12 -13 -24 0
-12 13 0
-12 24 0
13 -1449 -14 0
-13 1449 0
-13 14 0
-14 15 18 0
14 -15 0
14 -18 0
-15 1458 16 0
-15 1457 16 0
15 -16 0
15 -1457 -1458 0
-16 1451 1452 17 0
16 -17 0
16 -1452 0
16 -1451 0
-17 1453 1454 1455 1456 0
17 -1456 0
17 -1455 0
17 -1453 0
17 -1454 0
-18 19 20 0
-18 1411 20 0
18 -20 0
18 -1411 -19 0
19 -1457 1458 16 0
-19 1457 0
-19 -1458 0
-19 -16 0
-20 -21 23 0
-20 1421 1431 0
-20 1431 23 0
-20 1421 -21 0
20 -1431 21 0
20 -1421 -23 0
-21 16 22 0
21 -16 0
21 -22 0
-22 1457 1458 0
22 -1457 0
22 -1458 0
23 1457 -1458 16 0
-23 -16 0
-23 1458 0
-23 -1457 0
-24 25 34 0
-24 26 30 0
-24 26 34 0
-24 25 30 0
24 -25 -26 0
24 -30 -34 0
25 -1450 -14 0
-25 1450 0
-25 14 0
26 -1449 -27 0
-26 1449 0
-26 27 0
-27 15 28 0
27 -15 0
27 -28 0
-28 19 29 0
-28 1412 29 0
28 -29 0
28 -1412 -19 0
-29 -21 23 0
-29 1422 1432 0
-29 1432 23 0
-29 1422 -21 0
29 -1432 21 0
29 -1422 -23 0
30 -25 31 0
30 -26 31 0
-30 -31 0
-30 25 26 0
31 -1449 -1450 -32 -33 0
-31 33 0
-31 1449 0
-31 32 0
-31 1450 0
32 15 -18 0
-32 -15 0
-32 18 0
33 15 -28 0
-33 -15 0
-33 28 0
-34 35 43 0
-34 36 40 0
-34 36 43 0
-34 35 40 0
34 -35 -36 0
34 -40 -43 0
35 -1450 -27 0
-35 1450 0
-35 27 0
36 -1449 -37 0
-36 1449 0
-36 37 0
-37 15 38 0
37 -15 0
37 -38 0
-38 19 39 0
-38 1413 39 0
38 -39 0
38 -1413 -19 0
-39 -21 23 0
-39 1423 1433 0
-39 1433 23 0
-39 1423 -21 0
39 -1433 21 0
39 -1423 -23 0
40 -35 41 0
40 -36 41 0
-40 -41 0
-40 35 36 0
41 -1449 -1450 -33 -42 0
-41 42 0
-41 1449 0
-41 33 0
-41 1450 0
42 15 -38 0
-42 -15 0
-42 38 0
-43 44 52 0
-43 45 49 0
-43 45 52 0
-43 44 49 0
43 -44 -45 0
43 -49 -52 0
44 -1450 -37 0
-44 1450 0
-44 37 0
45 -1449 -46 0
-45 1449 0
-45 46 0
-46 15 47 0
46 -15 0
46 -47 0
-47 19 48 0
-47 1414 48 0
47 -48 0
47 -1414 -19 0
-48 -21 23 0
-48 1424 1434 0
-48 1434 23 0
-48 1424 -21 0
48 -1434 21 0
48 -1424 -23 0
49 -44 50 0
49 -45 50 0
-49 -50 0
-49 44 45 0
50 -1449 -1450 -42 -51 0
-50 51 0
-50 1449 0
-50 42 0
-50 1450 0
51 15 -47 0
-51 -15 0
-51 47 0
-52 53 61 0
-52 54 58 0
-52 54 61 0
-52 53 58 0
52 -53 -54 0
52 -58 -61 0
53 -1450 -46 0
-53 1450 0
-53 46 0
54 -1449 -55 0
-54 1449 0
-54 55 0
-55 15 56 0
55 -15 0
55 -56 0
-56 19 57 0
-56 1415 57 0
56 -57 0
56 -1415 -19 0
-57 -21 23 0
-57 1425 1435 0
-57 1435 23 0
-57 1425 -21 0
57 -1435 21 0
57 -1425 -23 0
58 -53 59 0
58 -54 59 0
-58 -59 0
-58 53 54 0
59 -1449 -1450 -51 -60 0
-59 60 0
-59 1449 0
-59 51 0
-59 1450 0
60 15 -56 0
-60 -15 0
-60 56 0
-61 62 70 0
-61 63 67 0
-61 63 70 0
-61 62 67 0
61 -62 -63 0
61 -67 -70 0
62 -1450 -55 0
-62 1450 0
-62 55 0
63 -1449 -64 0
-63 1449 0
-63 64 0
-64 15 65 0
64 -15 0
64 -65 0
-65 19 66 0
-65 1416 66 0
65 -66 0
65 -1416 -19 0
-66 -21 23 0
-66 1426 1436 0
-66 1436 23 0
-66 1426 -21 0
66 -1436 21 0
66 -1426 -23 0
67 -62 68 0
67 -63 68 0
-67 -68 0
-67 62 63 0
68 -1449 -1450 -60 -69 0
-68 69 0
-68 1449 0
-68 60 0
-68 1450 0
69 15 -65 0
-69 -15 0
-69 65 0
-70 71 79 0
-70 72 76 0
-70 72 79 0
-70 71 76 0
70 -71 -72 0
70 -76 -79 0
71 -1450 -64 0
-71 1450 0
-71 64 0
72 -1449 -73 0
-72 1449 0
-72 73 0
-73 15 74 0
73 -15 0
73 -74 0
-74 19 75 0
-74 1417 75 0
74 -75 0
74 -1417 -19 0
-75 -21 23 0
-75 1427 1437 0
-75 1437 23 0
-75 1427 -21 0
75 -1437 21 0
75 -1427 -23 0
76 -71 77 0
76 -72 77 0
-76 -77 0
-76 71 72 0
77 -1449 -1450 -69 -78 0
-77 78 0
-77 1449 0
-77 69 0
-77 1450 0
78 15 -74 0
-78 -15 0
-78 74 0
-79 80 88 0
-79 81 85 0
-79 81 88 0
-79 80 85 0
79 -80 -81 0
79 -85 -88 0
80 -1450 -73 0
-80 1450 0
-80 73 0
81 -1449 -82 0
-81 1449 0
-81 82 0
-82 15 83 0
82 -15 0
82 -83 0
-83 19 84 0
-83 1418 84 0
83 -84 0
83 -1418 -19 0
-84 -21 23 0
-84 1428 1438 0
-84 1438 23 0
-84 1428 -21 0
84 -1438 21 0
84 -1428 -23 0
85 -80 86 0
85 -81 86 0
-85 -86 0
-85 80 81 0
86 -1449 -1450 -78 -87 0
-86 87 0
-86 1449 0
-86 78 0
-86 1450 0
87 15 -83 0
-87 -15 0
-87 83 0
-88 90 94 0
-88 89 97 0
-88 90 97 0
-88 89 94 0
88 -89 -90 0
88 -94 -97 0
89 -1450 -82 0
-89 1450 0
-89 82 0
90 -1449 -91 0
-90 1449 0
-90 91 0
-91 15 92 0
91 -15 0
91 -92 0
-92 19 93 0
-92 1419 93 0
92 -93 0
92 -1419 -19 0
-93 -21 23 0
-93 1429 1439 0
-93 1439 23 0
-93 1429 -21 0
93 -1439 21 0
93 -1429 -23 0
94 -89 95 0
94 -90 95 0
-94 -95 0
-94 89 90 0
95 -1449 -1450 -87 -96 0
-95 96 0
-95 1449 0
-95 87 0
-95 1450 0
96 15 -92 0
-96 -15 0
-96 92 0
97 -1449 -1450 -91 -98 0
-97 1450 0
-97 98 0
-97 1449 0
-97 91 0
-98 15 99 0
98 -15 0
98 -99 0
-99 23 100 0
-99 1430 100 0
99 -100 0
99 -1430 -23 0
-100 1440 19 0
-100 1420 -21 0
-100 19 -21 0
-100 1420 1440 0
100 -1420 -19 0
100 -1440 21 0
101 -1448 -14 0
-101 1448 0
-101 14 0
102 -12 103 0
102 -101 103 0
-102 -103 0
-102 12 101 0
103 -1448 -32 -104 0
-103 1448 0
-103 32 0
-103 104 0
104 -1449 -32 -105 0
-104 1449 0
-104 32 0
-104 105 0
-105 31 106 0
105 -31 0
105 -106 0
106 -107 -110 0
-106 107 0
-106 110 0
-107 -25 108 0
-107 -26 109 0
-107 -25 -26 0
-107 108 109 0
107 25 -109 0
107 26 -108 0
108 -1450 -32 0
-108 1450 0
-108 32 0
109 -1449 -33 0
-109 1449 0
-109 33 0
-110 41 111 0
110 -41 0
110 -111 0
111 -112 -115 0
-111 112 0
-111 115 0
-112 -35 113 0
-112 -36 114 0
-112 -35 -36 0
-112 113 114 0
112 35 -114 0
112 36 -113 0
113 -1450 -33 0
-113 1450 0
-113 33 0
114 -1449 -42 0
-114 1449 0
-114 42 0
-115 50 116 0
115 -50 0
115 -116 0
116 -117 -120 0
-116 117 0
-116 120 0
-117 -44 118 0
-117 -45 119 0
-117 -44 -45 0
-117 118 119 0
117 44 -119 0
117 45 -118 0
118 -1450 -42 0
-118 1450 0
-118 42 0
119 -1449 -51 0
-119 1449 0
-119 51 0
-120 59 121 0
120 -59 0
120 -121 0
121 -122 -125 0
-121 122 0
-121 125 0
-122 -53 123 0
-122 -54 124 0
-122 -53 -54 0
-122 123 124 0
122 53 -124 0
122 54 -123 0
123 -1450 -51 0
-123 1450 0
-123 51 0
124 -1449 -60 0
-124 1449 0
-124 60 0
-125 68 126 0
125 -68 0
125 -126 0
126 -127 -130 0
-126 127 0
-126 130 0
-127 -62 128 0
-127 -63 129 0
-127 -62 -63 0
-127 128 129 0
127 62 -129 0
127 63 -128 0
128 -1450 -60 0
-128 1450 0
-128 60 0
129 -1449 -69 0
-129 1449 0
-129 69 0
-130 77 131 0
130 -77 0
130 -131 0
131 -132 -135 0
-131 132 0
-131 135 0
-132 -71 133 0
-132 -72 134 0
-132 -71 -72 0
-132 133 134 0
132 71 -134 0
132 72 -133 0
133 -1450 -69 0
-133 1450 0
-133 69 0
134 -1449 -78 0
-134 1449 0
-134 78 0
-135 86 136 0
135 -86 0
135 -136 0
136 -137 -140 0
-136 137 0
-136 140 0
-137 -80 138 0
-137 -81 139 0
-137 -80 -81 0
-137 138 139 0
137 80 -139 0
137 81 -138 0
138 -1450 -78 0
-138 1450 0
-138 78 0
139 -1449 -87 0
-139 1449 0
-139 87 0
-140 95 141 0
140 -95 0
140 -141 0
141 -142 -144 0
-141 142 0
-141 144 0
142 -1449 -1450 -96 -143 0
-142 143 0
-142 1449 0
-142 96 0
-142 1450 0
143 15 -99 0
-143 -15 0
-143 99 0
-144 -89 145 0
-144 -90 146 0
-144 -89 -90 0
-144 145 146 0
144 89 -146 0
144 90 -145 0
145 -1450 -87 0
-145 1450 0
-145 87 0
146 -1449 -96 0
-146 1449 0
-146 96 0
-147 148 154 0
-147 149 150 0
-147 149 154 0
-147 148 150 0
147 -148 -149 0
147 -150 -154 0
148 -13 104 0
148 -24 104 0
-148 -104 0
-148 13 24 0
149 -1448 -27 0
-149 1448 0
-149 27 0
150 -148 151 0
150 -149 151 0
-150 -151 0
-150 148 149 0
151 -1448 -33 -152 0
-151 1448 0
-151 33 0
-151 152 0
-152 -13 153 0
-152 -24 105 0
-152 153 105 0
-152 -13 -24 0
152 24 -153 0
152 13 -105 0
153 -1449 -32 0
-153 1449 0
-153 32 0
-154 155 160 0
-154 156 157 0
-154 156 160 0
-154 155 157 0
154 -155 -156 0
154 -157 -160 0
155 -30 106 0
155 -34 106 0
-155 -106 0
-155 30 34 0
156 -1448 -37 0
-156 1448 0
-156 37 0
157 -155 158 0
157 -156 158 0
-157 -158 0
-157 155 156 0
158 -1448 -42 -159 0
-158 1448 0
-158 42 0
-158 159 0
-159 -30 -34 0
-159 107 110 0
-159 -34 110 0
-159 -30 107 0
159 34 -107 0
159 30 -110 0
-160 161 166 0
-160 162 163 0
-160 162 166 0
-160 161 163 0
160 -161 -162 0
160 -163 -166 0
161 -40 111 0
161 -43 111 0
-161 -111 0
-161 40 43 0
162 -1448 -46 0
-162 1448 0
-162 46 0
163 -161 164 0
163 -162 164 0
-163 -164 0
-163 161 162 0
164 -1448 -51 -165 0
-164 1448 0
-164 51 0
-164 165 0
-165 -40 -43 0
-165 112 115 0
-165 -43 115 0
-165 -40 112 0
165 43 -112 0
165 40 -115 0
-166 167 172 0
-166 168 169 0
-166 168 172 0
-166 167 169 0
166 -167 -168 0
166 -169 -172 0
167 -49 116 0
167 -52 116 0
-167 -116 0
-167 49 52 0
168 -1448 -55 0
-168 1448 0
-168 55 0
169 -167 170 0
169 -168 170 0
-169 -170 0
-169 167 168 0
170 -1448 -60 -171 0
-170 1448 0
-170 60 0
-170 171 0
-171 -49 -52 0
-171 117 120 0
-171 -52 120 0
-171 -49 117 0
171 52 -117 0
171 49 -120 0
-172 173 178 0
-172 174 175 0
-172 174 178 0
-172 173 175 0
172 -173 -174 0
172 -175 -178 0
173 -58 121 0
173 -61 121 0
-173 -121 0
-173 58 61 0
174 -1448 -64 0
-174 1448 0
-174 64 0
175 -173 176 0
175 -174 176 0
-175 -176 0
-175 173 174 0
176 -1448 -69 -177 0
-176 1448 0
-176 69 0
-176 177 0
-177 -58 -61 0
-177 122 125 0
-177 -61 125 0
-177 -58 122 0
177 61 -122 0
177 58 -125 0
-178 179 184 0
-178 180 181 0
-178 180 184 0
-178 179 181 0
178 -179 -180 0
178 -181 -184 0
179 -67 126 0
179 -70 126 0
-179 -126 0
-179 67 70 0
180 -1448 -73 0
-180 1448 0
-180 73 0
181 -179 182 0
181 -180 182 0
-181 -182 0
-181 179 180 0
182 -1448 -78 -183 0
-182 1448 0
-182 78 0
-182 183 0
-183 -67 -70 0
-183 127 130 0
-183 -70 130 0
-183 -67 127 0
183 70 -127 0
183 67 -130 0
-184 185 190 0
-184 186 187 0
-184 186 190 0
-184 185 187 0
184 -185 -186 0
184 -187 -190 0
185 -76 131 0
185 -79 131 0
-185 -131 0
-185 76 79 0
186 -1448 -82 0
-186 1448 0
-186 82 0
187 -185 188 0
187 -186 188 0
-187 -188 0
-187 185 186 0
188 -1448 -87 -189 0
-188 1448 0
-188 87 0
-188 189 0
-189 -76 -79 0
-189 132 135 0
-189 -79 135 0
-189 -76 132 0
189 79 -132 0
189 76 -135 0
-190 192 193 0
-190 191 196 0
-190 192 196 0
-190 191 193 0
190 -191 -192 0
190 -193 -196 0
191 -85 136 0
191 -88 136 0
-191 -136 0
-191 85 88 0
192 -1448 -91 0
-192 1448 0
-192 91 0
193 -191 194 0
193 -192 194 0
-193 -194 0
-193 191 192 0
194 -1448 -96 -195 0
-194 1448 0
-194 96 0
-194 195 0
-195 -85 -88 0
-195 137 140 0
-195 -88 140 0
-195 -85 137 0
195 88 -137 0
195 85 -140 0
196 -197 -198 0
-196 197 0
-196 198 0
197 -94 141 0
197 -97 141 0
-197 -141 0
-197 94 97 0
198 -1448 -98 0
-198 1448 0
-198 98 0
199 -1447 -14 0
-199 1447 0
-199 14 0
200 -199 201 0
200 -11 201 0
-200 -201 0
-200 11 199 0
201 -1447 -32 -202 0
-201 1447 0
-201 32 0
-201 202 0
-202 103 203 0
202 -103 0
202 -203 0
203 -204 -206 0
-203 204 0
-203 206 0
-204 -12 104 0
-204 -101 205 0
-204 -12 -101 0
-204 104 205 0
204 12 -205 0
204 101 -104 0
205 -1448 -32 0
-205 1448 0
-205 32 0
-206 151 207 0
206 -151 0
206 -207 0
207 -208 -210 0
-207 208 0
-207 210 0
-208 -148 152 0
-208 -149 209 0
-208 -148 -149 0
-208 152 209 0
208 148 -209 0
208 149 -152 0
209 -1448 -33 0
-209 1448 0
-209 33 0
-210 158 211 0
210 -158 0
210 -211 0
211 -212 -214 0
-211 212 0
-211 214 0
-212 -155 159 0
-212 -156 213 0
-212 -155 -156 0
-212 159 213 0
212 155 -213 0
212 156 -159 0
213 -1448 -42 0
-213 1448 0
-213 42 0
-214 164 215 0
214 -164 0
214 -215 0
215 -216 -218 0
-215 216 0
-215 218 0
-216 -161 165 0
-216 -162 217 0
-216 -161 -162 0
-216 165 217 0
216 161 -217 0
216 162 -165 0
217 -1448 -51 0
-217 1448 0
-217 51 0
-218 170 219 0
218 -170 0
218 -219 0
219 -220 -222 0
-219 220 0
-219 222 0
-220 -167 171 0
-220 -168 221 0
-220 -167 -168 0
-220 171 221 0
220 167 -221 0
220 168 -171 0
221 -1448 -60 0
-221 1448 0
-221 60 0
-222 176 223 0
222 -176 0
222 -223 0
223 -224 -226 0
-223 224 0
-223 226 0
-224 -173 177 0
-224 -174 225 0
-224 -173 -174 0
-224 177 225 0
224 173 -225 0
224 174 -177 0
225 -1448 -69 0
-225 1448 0
-225 69 0
-226 182 227 0
226 -182 0
226 -227 0
227 -228 -230 0
-227 228 0
-227 230 0
-228 -179 183 0
-228 -180 229 0
-228 -179 -180 0
-228 183 229 0
228 179 -229 0
228 180 -183 0
229 -1448 -78 0
-229 1448 0
-229 78 0
-230 188 231 0
230 -188 0
230 -231 0
231 -232 -234 0
-231 232 0
-231 234 0
-232 -185 189 0
-232 -186 233 0
-232 -185 -186 0
-232 189 233 0
232 185 -233 0
232 186 -189 0
233 -1448 -87 0
-233 1448 0
-233 87 0
-234 194 235 0
234 -194 0
234 -235 0
235 -236 -238 0
-235 236 0
-235 238 0
236 -1448 -143 -237 0
-236 1448 0
-236 143 0
-236 237 0
-237 -94 144 0
-237 -97 142 0
-237 -94 -97 0
-237 142 144 0
237 97 -144 0
237 94 -142 0
-238 -191 195 0
-238 -192 239 0
-238 -191 -192 0
-238 195 239 0
238 191 -239 0
238 192 -195 0
239 -1448 -96 0
-239 1448 0
-239 96 0
-240 241 246 0
-240 242 243 0
-240 242 246 0
-240 241 243 0
240 -241 -242 0
240 -243 -246 0
241 -102 203 0
241 -147 203 0
-241 -203 0
-241 102 147 0
242 -1447 -27 0
-242 1447 0
-242 27 0
243 -241 244 0
243 -242 244 0
-243 -244 0
-243 241 242 0
244 -1447 -33 -245 0
-244 1447 0
-244 33 0
-244 245 0
-245 -102 -147 0
-245 204 206 0
-245 -147 206 0
-245 -102 204 0
245 147 -204 0
245 102 -206 0
-246 247 252 0
-246 248 249 0
-246 248 252 0
-246 247 249 0
246 -247 -248 0
246 -249 -252 0
247 -150 207 0
247 -154 207 0
-247 -207 0
-247 150 154 0
248 -1447 -37 0
-248 1447 0
-248 37 0
249 -247 250 0
249 -248 250 0
-249 -250 0
-249 247 248 0
250 -1447 -42 -251 0
-250 1447 0
-250 42 0
-250 251 0
-251 -150 -154 0
-251 208 210 0
-251 -154 210 0
-251 -150 208 0
251 154 -208 0
251 150 -210 0
-252 253 258 0
-252 254 255 0
-252 254 258 0
-252 253 255 0
252 -253 -254 0
252 -255 -258 0
253 -157 211 0
253 -160 211 0
-253 -211 0
-253 157 160 0
254 -1447 -46 0
-254 1447 0
-254 46 0
255 -253 256 0
255 -254 256 0
-255 -256 0
-255 253 254 0
256 -1447 -51 -257 0
-256 1447 0
-256 51 0
-256 257 0
-257 -157 -160 0
-257 212 214 0
-257 -160 214 0
-257 -157 212 0
257 160 -212 0
257 157 -214 0
-258 259 264 0
-258 260 261 0
-258 260 264 0
-258 259 261 0
258 -259 -260 0
258 -261 -264 0
259 -163 215 0
259 -166 215 0
-259 -215 0
-259 163 166 0
260 -1447 -55 0
-260 1447 0
-260 55 0
261 -259 262 0
261 -260 262 0
-261 -262 0
-261 259 260 0
262 -1447 -60 -263 0
-262 1447 0
-262 60 0
-262 263 0
-263 -163 -166 0
-263 216 218 0
-263 -166 218 0
-263 -163 216 0
263 166 -216 0
263 163 -218 0
-264 265 270 0
-264 266 267 0
-264 266 270 0
-264 265 267 0
264 -265 -266 0
264 -267 -270 0
265 -169 219 0
265 -172 219 0
-265 -219 0
-265 169 172 0
266 -1447 -64 0
-266 1447 0
-266 64 0
267 -265 268 0
267 -266 268 0
-267 -268 0
-267 265 266 0
268 -1447 -69 -269 0
-268 1447 0
-268 69 0
-268 269 0
-269 -169 -172 0
-269 220 222 0
-269 -172 222 0
-269 -169 220 0
269 172 -220 0
269 169 -222 0
-270 271 276 0
-270 272 273 0
-270 272 276 0
-270 271 273 0
270 -271 -272 0
270 -273 -276 0
271 -175 223 0
271 -178 223 0
-271 -223 0
-271 175 178 0
272 -1447 -73 0
-272 1447 0
-272 73 0
273 -271 274 0
273 -272 274 0
-273 -274 0
-273 271 272 0
274 -1447 -78 -275 0
-274 1447 0
-274 78 0
-274 275 0
-275 -175 -178 0
-275 224 226 0
-275 -178 226 0
-275 -175 224 0
275 178 -224 0
275 175 -226 0
-276 277 282 0
-276 278 279 0
-276 278 282 0
-276 277 279 0
276 -277 -278 0
276 -279 -282 0
277 -181 227 0
277 -184 227 0
-277 -227 0
-277 181 184 0
278 -1447 -82 0
-278 1447 0
-278 82 0
279 -277 280 0
279 -278 280 0
-279 -280 0
-279 277 278 0
280 -1447 -87 -281 0
-280 1447 0
-280 87 0
-280 281 0
-281 -181 -184 0
-281 228 230 0
-281 -184 230 0
-281 -181 228 0
281 184 -228 0
281 181 -230 0
-282 284 285 0
-282 283 288 0
-282 284 288 0
-282 283 285 0
282 -283 -284 0
282 -285 -288 0
283 -187 231 0
283 -190 231 0
-283 -231 0
-283 187 190 0
284 -1447 -91 0
-284 1447 0
-284 91 0
285 -283 286 0
285 -284 286 0
-285 -286 0
-285 283 284 0
286 -1447 -96 -287 0
-286 1447 0
-286 96 0
-286 287 0
-287 -187 -190 0
-287 232 234 0
-287 -190 234 0
-287 -187 232 0
287 190 -232 0
287 187 -234 0
288 -289 -290 0
-288 289 0
-288 290 0
289 -193 235 0
289 -196 235 0
-289 -235 0
-289 193 196 0
290 -1447 -98 0
-290 1447 0
-290 98 0
291 -1446 -14 0
-291 1446 0
-291 14 0
292 -291 293 0
292 -10 293 0
-292 -293 0
-292 10 291 0
293 -1446 -32 -294 0
-293 1446 0
-293 32 0
-293 294 0
-294 201 295 0
294 -201 0
294 -295 0
295 -296 -298 0
-295 296 0
-295 298 0
-296 -199 297 0
-296 -11 202 0
-296 -11 -199 0
-296 202 297 0
296 11 -297 0
296 199 -202 0
297 -1447 -32 0
-297 1447 0
-297 32 0
-298 244 299 0
298 -244 0
298 -299 0
299 -300 -302 0
-299 300 0
-299 302 0
-300 -241 245 0
-300 -242 301 0
-300 -241 -242 0
-300 245 301 0
300 241 -301 0
300 242 -245 0
301 -1447 -33 0
-301 1447 0
-301 33 0
-302 250 303 0
302 -250 0
302 -303 0
303 -304 -306 0
-303 304 0
-303 306 0
-304 -247 251 0
-304 -248 305 0
-304 -247 -248 0
-304 251 305 0
304 247 -305 0
304 248 -251 0
305 -1447 -42 0
-305 1447 0
-305 42 0
-306 256 307 0
306 -256 0
306 -307 0
307 -308 -310 0
-307 308 0
-307 310 0
-308 -253 257 0
-308 -254 309 0
-308 -253 -254 0
-308 257 309 0
308 253 -309 0
308 254 -257 0
309 -1447 -51 0
-309 1447 0
-309 51 0
-310 262 311 0
310 -262 0
310 -311 0
311 -312 -314 0
-311 312 0
-311 314 0
-312 -259 263 0
-312 -260 313 0
-312 -259 -260 0
-312 263 313 0
312 259 -313 0
312 260 -263 0
313 -1447 -60 0
-313 1447 0
-313 60 0
-314 268 315 0
314 -268 0
314 -315 0
315 -316 -318 0
-315 316 0
-315 318 0
-316 -265 269 0
-316 -266 317 0
-316 -265 -266 0
-316 269 317 0
316 265 -317 0
316 266 -269 0
317 -1447 -69 0
-317 1447 0
-317 69 0
-318 274 319 0
318 -274 0
318 -319 0
319 -320 -322 0
-319 320 0
-319 322 0
-320 -271 275 0
-320 -272 321 0
-320 -271 -272 0
-320 275 321 0
320 271 -321 0
320 272 -275 0
321 -1447 -78 0
-321 1447 0
-321 78 0
-322 280 323 0
322 -280 0
322 -323 0
323 -324 -326 0
-323 324 0
-323 326 0
-324 -277 281 0
-324 -278 325 0
-324 -277 -278 0
-324 281 325 0
324 277 -325 0
324 278 -281 0
325 -1447 -87 0
-325 1447 0
-325 87 0
-326 286 327 0
326 -286 0
326 -327 0
327 -328 -330 0
-327 328 0
-327 330 0
328 -1447 -143 -329 0
-328 1447 0
-328 143 0
-328 329 0
-329 -193 238 0
-329 -196 236 0
-329 -193 -196 0
-329 236 238 0
329 196 -238 0
329 193 -236 0
-330 -283 287 0
-330 -284 331 0
-330 -283 -284 0
-330 287 331 0
330 283 -331 0
330 284 -287 0
331 -1447 -96 0
-331 1447 0
-331 96 0
-332 333 338 0
-332 334 335 0
-332 334 338 0
-332 333 335 0
332 -333 -334 0
332 -335 -338 0
333 -200 295 0
333 -240 295 0
-333 -295 0
-333 200 240 0
334 -1446 -27 0
-334 1446 0
-334 27 0
335 -333 336 0
335 -334 336 0
-335 -336 0
-335 333 334 0
336 -1446 -33 -337 0
-336 1446 0
-336 33 0
-336 337 0
-337 -200 -240 0
-337 296 298 0
-337 -240 298 0
-337 -200 296 0
337 240 -296 0
337 200 -298 0
-338 339 344 0
-338 340 341 0
-338 340 344 0
-338 339 341 0
338 -339 -340 0
338 -341 -344 0
339 -243 299 0
339 -246 299 0
-339 -299 0
-339 243 246 0
340 -1446 -37 0
-340 1446 0
-340 37 0
341 -339 342 0
341 -340 342 0
-341 -342 0
-341 339 340 0
342 -1446 -42 -343 0
-342 1446 0
-342 42 0
-342 343 0
-343 -243 -246 0
-343 300 302 0
-343 -246 302 0
-343 -243 300 0
343 246 -300 0
343 243 -302 0
-344 345 350 0
-344 346 347 0
-344 346 350 0
-344 345 347 0
344 -345 -346 0
344 -347 -350 0
345 -249 303 0
345 -252 303 0
-345 -303 0
-345 249 252 0
346 -1446 -46 0
-346 1446 0
-346 46 0
347 -345 348 0
347 -346 348 0
-347 -348 0
-347 345 346 0
348 -1446 -51 -349 0
-348 1446 0
-348 51 0
-348 349 0
-349 -249 -252 0
-349 304 306 0
-349 -252 306 0
-349 -249 304 0
349 252 -304 0
349 249 -306 0
-350 351 356 0
-350 352 353 0
-350 352 356 0
-350 351 353 0
350 -351 -352 0
350 -353 -356 0
351 -255 307 0
351 -258 307 0
-351 -307 0
-351 255 258 0
352 -1446 -55 0
-352 1446 0
-352 55 0
353 -351 354 0
353 -352 354 0
-353 -354 0
-353 351 352 0
354 -1446 -60 -355 0
-354 1446 0
-354 60 0
-354 355 0
-355 -255 -258 0
-355 308 310 0
-355 -258 310 0
-355 -255 308 0
355 258 -308 0
355 255 -310 0
-356 357 362 0
-356 358 359 0
-356 358 362 0
-356 357 359 0
356 -357 -358 0
356 -359 -362 0
357 -261 311 0
357 -264 311 0
-357 -311 0
-357 261 264 0
358 -1446 -64 0
-358 1446 0
-358 64 0
359 -357 360 0
359 -358 360 0
-359 -360 0
-359 357 358 0
360 -1446 -69 -361 0
-360 1446 0
-360 69 0
-360 361 0
-361 -261 -264 0
-361 312 314 0
-361 -264 314 0
-361 -261 312 0
361 264 -312 0
361 261 -314 0
-362 363 368 0
-362 364 365 0
-362 364 368 0
-362 363 365 0
362 -363 -364 0
362 -365 -368 0
363 -267 315 0
363 -270 315 0
-363 -315 0
-363 267 270 0
364 -1446 -73 0
-364 1446 0
-364 73 0
365 -363 366 0
365 -364 366 0
-365 -366 0
-365 363 364 0
366 -1446 -78 -367 0
-366 1446 0
-366 78 0
-366 367 0
-367 -267 -270 0
-367 316 318 0
-367 -270 318 0
-367 -267 316 0
367 270 -316 0
367 267 -318 0
-368 369 374 0
-368 370 371 0
-368 370 374 0
-368 369 371 0
368 -369 -370 0
368 -371 -374 0
369 -273 319 0
369 -276 319 0
-369 -319 0
-369 273 276 0
370 -1446 -82 0
-370 1446 0
-370 82 0
371 -369 372 0
371 -370 372 0
-371 -372 0
-371 369 370 0
372 -1446 -87 -373 0
-372 1446 0
-372 87 0
-372 373 0
-373 -273 -276 0
-373 320 322 0
-373 -276 322 0
-373 -273 320 0
373 276 -320 0
373 273 -322 0
-374 376 377 0
-374 375 380 0
-374 376 380 0
-374 375 377 0
374 -375 -376 0
374 -377 -380 0
375 -279 323 0
375 -282 323 0
-375 -323 0
-375 279 282 0
376 -1446 -91 0
-376 1446 0
-376 91 0
377 -375 378 0
377 -376 378 0
-377 -378 0
-377 375 376 0
378 -1446 -96 -379 0
-378 1446 0
-378 96 0
-378 379 0
-379 -279 -282 0
-379 324 326 0
-379 -282 326 0
-379 -279 324 0
379 282 -324 0
379 279 -326 0
380 -381 -382 0
-380 381 0
-380 382 0
381 -285 327 0
381 -288 327 0
-381 -327 0
-381 285 288 0
382 -1446 -98 0
-382 1446 0
-382 98 0
383 -1445 -14 0
-383 1445 0
-383 14 0
384 -383 385 0
384 -9 385 0
-384 -385 0
-384 9 383 0
385 -1445 -32 -386 0
-385 1445 0
-385 32 0
-385 386 0
-386 293 387 0
386 -293 0
386 -387 0
387 -388 -390 0
-387 388 0
-387 390 0
-388 -291 389 0
-388 -10 294 0
-388 -10 -291 0
-388 294 389 0
388 10 -389 0
388 291 -294 0
389 -1446 -32 0
-389 1446 0
-389 32 0
-390 336 391 0
390 -336 0
390 -391 0
391 -392 -394 0
-391 392 0
-391 394 0
-392 -333 337 0
-392 -334 393 0
-392 -333 -334 0
-392 337 393 0
392 333 -393 0
392 334 -337 0
393 -1446 -33 0
-393 1446 0
-393 33 0
-394 342 395 0
394 -342 0
394 -395 0
395 -396 -398 0
-395 396 0
-395 398 0
-396 -339 343 0
-396 -340 397 0
-396 -339 -340 0
-396 343 397 0
396 339 -397 0
396 340 -343 0
397 -1446 -42 0
-397 1446 0
-397 42 0
-398 348 399 0
398 -348 0
398 -399 0
399 -400 -402 0
-399 400 0
-399 402 0
-400 -345 349 0
-400 -346 401 0
-400 -345 -346 0
-400 349 401 0
400 345 -401 0
400 346 -349 0
401 -1446 -51 0
-401 1446 0
-401 51 0
-402 354 403 0
402 -354 0
402 -403 0
403 -404 -406 0
-403 404 0
-403 406 0
-404 -351 355 0
-404 -352 405 0
-404 -351 -352 0
-404 355 405 0
404 351 -405 0
404 352 -355 0
405 -1446 -60 0
-405 1446 0
-405 60 0
-406 360 407 0
406 -360 0
406 -407 0
407 -408 -410 0
-407 408 0
-407 410 0
-408 -357 361 0
-408 -358 409 0
-408 -357 -358 0
-408 361 409 0
408 357 -409 0
408 358 -361 0
409 -1446 -69 0
-409 1446 0
-409 69 0
-410 366 411 0
410 -366 0
410 -411 0
411 -412 -414 0
-411 412 0
-411 414 0
-412 -363 367 0
-412 -364 413 0
-412 -363 -364 0
-412 367 413 0
412 363 -413 0
412 364 -367 0
413 -1446 -78 0
-413 1446 0
-413 78 0
-414 372 415 0
414 -372 0
414 -415 0
415 -416 -418 0
-415 416 0
-415 418 0
-416 -369 373 0
-416 -370 417 0
-416 -369 -370 0
-416 373 417 0
416 369 -417 0
416 370 -373 0
417 -1446 -87 0
-417 1446 0
-417 87 0
-418 378 419 0
418 -378 0
418 -419 0
419 -420 -422 0
-419 420 0
-419 422 0
420 -1446 -143 -421 0
-420 1446 0
-420 143 0
-420 421 0
-421 -285 330 0
-421 -288 328 0
-421 -285 -288 0
-421 328 330 0
421 288 -330 0
421 285 -328 0
-422 -375 379 0
-422 -376 423 0
-422 -375 -376 0
-422 379 423 0
422 375 -423 0
422 376 -379 0
423 -1446 -96 0
-423 1446 0
-423 96 0
-424 425 430 0
-424 426 427 0
-424 426 430 0
-424 425 427 0
424 -425 -426 0
424 -427 -430 0
425 -292 387 0
425 -332 387 0
-425 -387 0
-425 292 332 0
426 -1445 -27 0
-426 1445 0
-426 27 0
427 -425 428 0
427 -426 428 0
-427 -428 0
-427 425 426 0
428 -1445 -33 -429 0
-428 1445 0
-428 33 0
-428 429 0
-429 -292 -332 0
-429 388 390 0
-429 -332 390 0
-429 -292 388 0
429 332 -388 0
429 292 -390 0
-430 431 436 0
-430 432 433 0
-430 432 436 0
-430 431 433 0
430 -431 -432 0
430 -433 -436 0
431 -335 391 0
431 -338 391 0
-431 -391 0
-431 335 338 0
432 -1445 -37 0
-432 1445 0
-432 37 0
433 -431 434 0
433 -432 434 0
-433 -434 0
-433 431 432 0
434 -1445 -42 -435 0
-434 1445 0
-434 42 0
-434 435 0
-435 -335 -338 0
-435 392 394 0
-435 -338 394 0
-435 -335 392 0
435 338 -392 0
435 335 -394 0
-436 437 442 0
-436 438 439 0
-436 438 442 0
-436 437 439 0
436 -437 -438 0
436 -439 -442 0
437 -341 395 0
437 -344 395 0
-437 -395 0
-437 341 344 0
438 -1445 -46 0
-438 1445 0
-438 46 0
439 -437 440 0
439 -438 440 0
-439 -440 0
-439 437 438 0
440 -1445 -51 -441 0
-440 1445 0
-440 51 0
-440 441 0
-441 -341 -344 0
-441 396 398 0
-441 -344 398 0
-441 -341 396 0
441 344 -396 0
441 341 -398 0
-442 443 448 0
-442 444 445 0
-442 444 448 0
-442 443 445 0
442 -443 -444 0
442 -445 -448 0
443 -347 399 0
443 -350 399 0
-443 -399 0
-443 347 350 0
444 -1445 -55 0
-444 1445 0
-444 55 0
445 -443 446 0
445 -444 446 0
-445 -446 0
-445 443 444 0
446 -1445 -60 -447 0
-446 1445 0
-446 60 0
-446 447 0
-447 -347 -350 0
-447 400 402 0
-447 -350 402 0
-447 -347 400 0
447 350 -400 0
447 347 -402 0
-448 449 454 0
-448 450 451 0
-448 450 454 0
-448 449 451 0
448 -449 -450 0
448 -451 -454 0
449 -353 403 0
449 -356 403 0
-449 -403 0
-449 353 356 0
450 -1445 -64 0
-450 1445 0
-450 64 0
451 -449 452 0
451 -450 452 0
-451 -452 0
-451 449 450 0
452 -1445 -69 -453 0
-452 1445 0
-452 69 0
-452 453 0
-453 -353 -356 0
-453 404 406 0
-453 -356 406 0
-453 -353 404 0
453 356 -404 0
453 353 -406 0
-454 455 460 0
-454 456 457 0
-454 456 460 0
-454 455 457 0
454 -455 -456 0
454 -457 -460 0
455 -359 407 0
455 -362 407 0
-455 -407 0
-455 359 362 0
456 -1445 -73 0
-456 1445 0
-456 73 0
457 -455 458 0
457 -456 458 0
-457 -458 0
-457 455 456 0
458 -1445 -78 -459 0
-458 1445 0
-458 78 0
-458 459 0
-459 -359 -362 0
-459 408 410 0
-459 -362 410 0
-459 -359 408 0
459 362 -408 0
459 359 -410 0
-460 461 466 0
-460 462 463 0
-460 462 466 0
-460 461 463 0
460 -461 -462 0
460 -463 -466 0
461 -365 411 0
461 -368 411 0
-461 -411 0
-461 365 368 0
462 -1445 -82 0
-462 1445 0
-462 82 0
463 -461 464 0
463 -462 464 0
-463 -464 0
-463 461 462 0
464 -1445 -87 -465 0
-464 1445 0
-464 87 0
-464 465 0
-465 -365 -368 0
-465 412 414 0
-465 -368 414 0
-465 -365 412 0
465 368 -412 0
465 365 -414 0
-466 468 469 0
-466 467 472 0
-466 468 472 0
-466 467 469 0
466 -467 -468 0
466 -469 -472 0
467 -371 415 0
467 -374 415 0
-467 -415 0
-467 371 374 0
468 -1445 -91 0
-468 1445 0
-468 91 0
469 -467 470 0
469 -468 470 0
-469 -470 0
-469 467 468 0
470 -1445 -96 -471 0
-470 1445 0
-470 96 0
-470 471 0
-471 -371 -374 0
-471 416 418 0
-471 -374 418 0
-471 -371 416 0
471 374 -416 0
471 371 -418 0
472 -473 -474 0
-472 473 0
-472 474 0
473 -377 419 0
473 -380 419 0
-473 -419 0
-473 377 380 0
474 -1445 -98 0
-474 1445 0
-474 98 0
475 -1444 -14 0
-475 1444 0
-475 14 0
476 -475 477 0
476 -8 477 0
-476 -477 0
-476 8 475 0
477 -1444 -32 -478 0
-477 1444 0
-477 32 0
-477 478 0
-478 385 479 0
478 -385 0
478 -479 0
479 -480 -482 0
-479 480 0
-479 482 0
-480 -383 481 0
-480 -9 386 0
-480 -9 -383 0
-480 386 481 0
480 9 -481 0
480 383 -386 0
481 -1445 -32 0
-481 1445 0
-481 32 0
-482 428 483 0
482 -428 0
482 -483 0
483 -484 -486 0
-483 484 0
-483 486 0
-484 -425 429 0
-484 -426 485 0
-484 -425 -426 0
-484 429 485 0
484 425 -485 0
484 426 -429 0
485 -1445 -33 0
-485 1445 0
-485 33 0
-486 434 487 0
486 -434 0
486 -487 0
487 -488 -490 0
-487 488 0
-487 490 0
-488 -431 435 0
-488 -432 489 0
-488 -431 -432 0
-488 435 489 0
488 431 -489 0
488 432 -435 0
489 -1445 -42 0
-489 1445 0
-489 42 0
-490 440 491 0
490 -440 0
490 -491 0
491 -492 -494 0
-491 492 0
-491 494 0
-492 -437 441 0
-492 -438 493 0
-492 -437 -438 0
-492 441 493 0
492 437 -493 0
492 438 -441 0
493 -1445 -51 0
-493 1445 0
-493 51 0
-494 446 495 0
494 -446 0
494 -495 0
495 -496 -498 0
-495 496 0
-495 498 0
-496 -443 447 0
-496 -444 497 0
-496 -443 -444 0
-496 447 497 0
496 443 -497 0
496 444 -447 0
497 -1445 -60 0
-497 1445 0
-497 60 0
-498 452 499 0
498 -452 0
498 -499 0
499 -500 -502 0
-499 500 0
-499 502 0
-500 -449 453 0
-500 -450 501 0
-500 -449 -450 0
-500 453 501 0
500 449 -501 0
500 450 -453 0
501 -1445 -69 0
-501 1445 0
-501 69 0
-502 458 503 0
502 -458 0
502 -503 0
503 -504 -506 0
-503 504 0
-503 506 0
-504 -455 459 0
-504 -456 505 0
-504 -455 -456 0
-504 459 505 0
504 455 -505 0
504 456 -459 0
505 -1445 -78 0
-505 1445 0
-505 78 0
-506 464 507 0
506 -464 0
506 -507 0
507 -508 -510 0
-507 508 0
-507 510 0
-508 -461 465 0
-508 -462 509 0
-508 -461 -462 0
-508 465 509 0
508 461 -509 0
508 462 -465 0
509 -1445 -87 0
-509 1445 0
-509 87 0
-510 470 511 0
510 -470 0
510 -511 0
511 -512 -514 0
-511 512 0
-511 514 0
512 -1445 -143 -513 0
-512 1445 0
-512 143 0
-512 513 0
-513 -377 422 0
-513 -380 420 0
-513 -377 -380 0
-513 420 422 0
513 380 -422 0
513 377 -420 0
-514 -467 471 0
-514 -468 515 0
-514 -467 -468 0
-514 471 515 0
514 467 -515 0
514 468 -471 0
515 -1445 -96 0
-515 1445 0
-515 96 0
-516 517 522 0
-516 518 519 0
-516 518 522 0
-516 517 519 0
516 -517 -518 0
516 -519 -522 0
517 -384 479 0
517 -424 479 0
-517 -479 0
-517 384 424 0
518 -1444 -27 0
-518 1444 0
-518 27 0
519 -517 520 0
519 -518 520 0
-519 -520 0
-519 517 518 0
520 -1444 -33 -521 0
-520 1444 0
-520 33 0
-520 521 0
-521 -384 -424 0
-521 480 482 0
-521 -424 482 0
-521 -384 480 0
521 424 -480 0
521 384 -482 0
-522 523 528 0
-522 524 525 0
-522 524 528 0
-522 523 525 0
522 -523 -524 0
522 -525 -528 0
523 -427 483 0
523 -430 483 0
-523 -483 0
-523 427 430 0
524 -1444 -37 0
-524 1444 0
-524 37 0
525 -523 526 0
525 -524 526 0
-525 -526 0
-525 523 524 0
526 -1444 -42 -527 0
-526 1444 0
-526 42 0
-526 527 0
-527 -427 -430 0
-527 484 486 0
-527 -430 486 0
-527 -427 484 0
527 430 -484 0
527 427 -486 0
-528 529 534 0
-528 530 531 0
-528 530 534 0
-528 529 531 0
528 -529 -530 0
528 -531 -534 0
529 -433 487 0
529 -436 487 0
-529 -487 0
-529 433 436 0
530 -1444 -46 0
-530 1444 0
-530 46 0
531 -529 532 0
531 -530 532 0
-531 -532 0
-531 529 530 0
532 -1444 -51 -533 0
-532 1444 0
-532 51 0
-532 533 0
-533 -433 -436 0
-533 488 490 0
-533 -436 490 0
-533 -433 488 0
533 436 -488 0
533 433 -490 0
-534 535 540 0
-534 536 537 0
-534 536 540 0
-534 535 537 0
534 -535 -536 0
534 -537 -540 0
535 -439 491 0
535 -442 491 0
-535 -491 0
-535 439 442 0
536 -1444 -55 0
-536 1444 0
-536 55 0
537 -535 538 0
537 -536 538 0
-537 -538 0
-537 535 536 0
538 -1444 -60 -539 0
-538 1444 0
-538 60 0
-538 539 0
-539 -439 -442 0
-539 492 494 0
-539 -442 494 0
-539 -439 492 0
539 442 -492 0
539 439 -494 0
-540 541 546 0
-540 542 543 0
-540 542 546 0
-540 541 543 0
540 -541 -542 0
540 -543 -546 0
541 -445 495 0
541 -448 495 0
-541 -495 0
-541 445 448 0
542 -1444 -64 0
-542 1444 0
-542 64 0
543 -541 544 0
543 -542 544 0
-543 -544 0
-543 541 542 0
544 -1444 -69 -545 0
-544 1444 0
-544 69 0
-544 545 0
-545 -445 -448 0
-545 496 498 0
-545 -448 498 0
-545 -445 496 0
545 448 -496 0
545 445 -498 0
-546 547 552 0
-546 548 549 0
-546 548 552 0
-546 547 549 0
546 -547 -548 0
546 -549 -552 0
547 -451 499 0
547 -454 499 0
-547 -499 0
-547 451 454 0
548 -1444 -73 0
-548 1444 0
-548 73 0
549 -547 550 0
549 -548 550 0
-549 -550 0
-549 547 548 0
550 -1444 -78 -551 0
-550 1444 0
-550 78 0
-550 551 0
-551 -451 -454 0
-551 500 502 0
-551 -454 502 0
-551 -451 500 0
551 454 -500 0
551 451 -502 0
-552 553 558 0
-552 554 555 0
-552 554 558 0
-552 553 555 0
552 -553 -554 0
552 -555 -558 0
553 -457 503 0
553 -460 503 0
-553 -503 0
-553 457 460 0
554 -1444 -82 0
-554 1444 0
-554 82 0
555 -553 556 0
555 -554 556 0
-555 -556 0
-555 553 554 0
556 -1444 -87 -557 0
-556 1444 0
-556 87 0
-556 557 0
-557 -457 -460 0
-557 504 506 0
-557 -460 506 0
-557 -457 504 0
557 460 -504 0
557 457 -506 0
-558 560 561 0
-558 559 564 0
-558 560 564 0
-558 559 561 0
558 -559 -560 0
558 -561 -564 0
559 -463 507 0
559 -466 507 0
-559 -507 0
-559 463 466 0
560 -1444 -91 0
-560 1444 0
-560 91 0
561 -559 562 0
561 -560 562 0
-561 -562 0
-561 559 560 0
562 -1444 -96 -563 0
-562 1444 0
-562 96 0
-562 563 0
-563 -463 -466 0
-563 508 510 0
-563 -466 510 0
-563 -463 508 0
563 466 -508 0
563 463 -510 0
564 -565 -566 0
-564 565 0
-564 566 0
565 -469 511 0
565 -472 511 0
-565 -511 0
-565 469 472 0
566 -1444 -98 0
-566 1444 0
-566 98 0
567 -1443 -14 0
-567 1443 0
-567 14 0
568 -567 569 0
568 -7 569 0
-568 -569 0
-568 7 567 0
569 -1443 -32 -570 0
-569 1443 0
-569 32 0
-569 570 0
-570 477 571 0
570 -477 0
570 -571 0
571 -572 -574 0
-571 572 0
-571 574 0
-572 -475 573 0
-572 -8 478 0
-572 -8 -475 0
-572 478 573 0
572 8 -573 0
572 475 -478 0
573 -1444 -32 0
-573 1444 0
-573 32 0
-574 520 575 0
574 -520 0
574 -575 0
575 -576 -578 0
-575 576 0
-575 578 0
-576 -517 521 0
-576 -518 577 0
-576 -517 -518 0
-576 521 577 0
576 517 -577 0
576 518 -521 0
577 -1444 -33 0
-577 1444 0
-577 33 0
-578 526 579 0
578 -526 0
578 -579 0
579 -580 -582 0
-579 580 0
-579 582 0
-580 -523 527 0
-580 -524 581 0
-580 -523 -524 0
-580 527 581 0
580 523 -581 0
580 524 -527 0
581 -1444 -42 0
-581 1444 0
-581 42 0
-582 532 583 0
582 -532 0
582 -583 0
583 -584 -586 0
-583 584 0
-583 586 0
-584 -529 533 0
-584 -530 585 0
-584 -529 -530 0
-584 533 585 0
584 529 -585 0
584 530 -533 0
585 -1444 -51 0
-585 1444 0
-585 51 0
-586 538 587 0
586 -538 0
586 -587 0
587 -588 -590 0
-587 588 0
-587 590 0
-588 -535 539 0
-588 -536 589 0
-588 -535 -536 0
-588 539 589 0
588 535 -589 0
588 536 -539 0
589 -1444 -60 0
-589 1444 0
-589 60 0
-590 544 591 0
590 -544 0
590 -591 0
591 -592 -594 0
-591 592 0
-591 594 0
-592 -541 545 0
-592 -542 593 0
-592 -541 -542 0
-592 545 593 0
592 541 -593 0
592 542 -545 0
593 -1444 -69 0
-593 1444 0
-593 69 0
-594 550 595 0
594 -550 0
594 -595 0
595 -596 -598 0
-595 596 0
-595 598 0
-596 -547 551 0
-596 -548 597 0
-596 -547 -548 0
-596 551 597 0
596 547 -597 0
596 548 -551 0
597 -1444 -78 0
-597 1444 0
-597 78 0
-598 556 599 0
598 -556 0
598 -599 0
599 -600 -602 0
-599 600 0
-599 602 0
-600 -553 557 0
-600 -554 601 0
-600 -553 -554 0
-600 557 601 0
600 553 -601 0
600 554 -557 0
601 -1444 -87 0
-601 1444 0
-601 87 0
-602 562 603 0
602 -562 0
602 -603 0
603 -604 -606 0
-603 604 0
-603 606 0
604 -1444 -143 -605 0
-604 1444 0
-604 143 0
-604 605 0
-605 -469 514 0
-605 -472 512 0
-605 -469 -472 0
-605 512 514 0
605 472 -514 0
605 469 -512 0
-606 -559 563 0
-606 -560 607 0
-606 -559 -560 0
-606 563 607 0
606 559 -607 0
606 560 -563 0
607 -1444 -96 0
-607 1444 0
-607 96 0
-608 609 614 0
-608 610 611 0
-608 610 614 0
-608 609 611 0
608 -609 -610 0
608 -611 -614 0
609 -476 571 0
609 -516 571 0
-609 -571 0
-609 476 516 0
610 -1443 -27 0
-610 1443 0
-610 27 0
611 -609 612 0
611 -610 612 0
-611 -612 0
-611 609 610 0
612 -1443 -33 -613 0
-612 1443 0
-612 33 0
-612 613 0
-613 -476 -516 0
-613 572 574 0
-613 -516 574 0
-613 -476 572 0
613 516 -572 0
613 476 -574 0
-614 615 620 0
-614 616 617 0
-614 616 620 0
-614 615 617 0
614 -615 -616 0
614 -617 -620 0
615 -519 575 0
615 -522 575 0
-615 -575 0
-615 519 522 0
616 -1443 -37 0
-616 1443 0
-616 37 0
617 -615 618 0
617 -616 618 0
-617 -618 0
-617 615 616 0
618 -1443 -42 -619 0
-618 1443 0
-618 42 0
-618 619 0
-619 -519 -522 0
-619 576 578 0
-619 -522 578 0
-619 -519 576 0
619 522 -576 0
619 519 -578 0
-620 621 626 0
-620 622 623 0
-620 622 626 0
-620 621 623 0
620 -621 -622 0
620 -623 -626 0
621 -525 579 0
621 -528 579 0
-621 -579 0
-621 525 528 0
622 -1443 -46 0
-622 1443 0
-622 46 0
623 -621 624 0
623 -622 624 0
-623 -624 0
-623 621 622 0
624 -1443 -51 -625 0
-624 1443 0
-624 51 0
-624 625 0
-625 -525 -528 0
-625 580 582 0
-625 -528 582 0
-625 -525 580 0
625 528 -580 0
625 525 -582 0
-626 627 632 0
-626 628 629 0
-626 628 632 0
-626 627 629 0
626 -627 -628 0
626 -629 -632 0
627 -531 583 0
627 -534 583 0
-627 -583 0
-627 531 534 0
628 -1443 -55 0
-628 1443 0
-628 55 0
629 -627 630 0
629 -628 630 0
-629 -630 0
-629 627 628 0
630 -1443 -60 -631 0
-630 1443 0
-630 60 0
-630 631 0
-631 -531 -534 0
-631 584 586 0
-631 -534 586 0
-631 -531 584 0
631 534 -584 0
631 531 -586 0
-632 633 638 0
-632 634 635 0
-632 634 638 0
-632 633 635 0
632 -633 -634 0
632 -635 -638 0
633 -537 587 0
633 -540 587 0
-633 -587 0
-633 537 540 0
634 -1443 -64 0
-634 1443 0
-634 64 0
635 -633 636 0
635 -634 636 0
-635 -636 0
-635 633 634 0
636 -1443 -69 -637 0
-636 1443 0
-636 69 0
-636 637 0
-637 -537 -540 0
-637 588 590 0
-637 -540 590 0
-637 -537 588 0
637 540 -588 0
637 537 -590 0
-638 639 644 0
-638 640 641 0
-638 640 644 0
-638 639 641 0
638 -639 -640 0
638 -641 -644 0
639 -543 591 0
639 -546 591 0
-639 -591 0
-639 543 546 0
640 -1443 -73 0
-640 1443 0
-640 73 0
641 -639 642 0
641 -640 642 0
-641 -642 0
-641 639 640 0
642 -1443 -78 -643 0
-642 1443 0
-642 78 0
-642 643 0
-643 -543 -546 0
-643 592 594 0
-643 -546 594 0
-643 -543 592 0
643 546 -592 0
643 543 -594 0
-644 645 650 0
-644 646 647 0
-644 646 650 0
-644 645 647 0
644 -645 -646 0
644 -647 -650 0
645 -549 595 0
645 -552 595 0
-645 -595 0
-645 549 552 0
646 -1443 -82 0
-646 1443 0
-646 82 0
647 -645 648 0
647 -646 648 0
-647 -648 0
-647 645 646 0
648 -1443 -87 -649 0
-648 1443 0
-648 87 0
-648 649 0
-649 -549 -552 0
-649 596 598 0
-649 -552 598 0
-649 -549 596 0
649 552 -596 0
649 549 -598 0
-650 652 653 0
-650 651 656 0
-650 652 656 0
-650 651 653 0
650 -651 -652 0
650 -653 -656 0
651 -555 599 0
651 -558 599 0
-651 -599 0
-651 555 558 0
652 -1443 -91 0
-652 1443 0
-652 91 0
653 -651 654 0
653 -652 654 0
-653 -654 0
-653 651 652 0
654 -1443 -96 -655 0
-654 1443 0
-654 96 0
-654 655 0
-655 -555 -558 0
-655 600 602 0
-655 -558 602 0
-655 -555 600 0
655 558 -600 0
655 555 -602 0
656 -657 -658 0
-656 657 0
-656 658 0
657 -561 603 0
657 -564 603 0
-657 -603 0
-657 561 564 0
658 -1443 -98 0
-658 1443 0
-658 98 0
659 -1442 -14 0
-659 1442 0
-659 14 0
660 -659 661 0
660 -6 661 0
-660 -661 0
-660 6 659 0
661 -1442 -32 -662 0
-661 1442 0
-661 32 0
-661 662 0
-662 569 663 0
662 -569 0
662 -663 0
663 -664 -666 0
-663 664 0
-663 666 0
-664 -567 665 0
-664 -7 570 0
-664 -7 -567 0
-664 570 665 0
664 7 -665 0
664 567 -570 0
665 -1443 -32 0
-665 1443 0
-665 32 0
-666 612 667 0
666 -612 0
666 -667 0
667 -668 -670 0
-667 668 0
-667 670 0
-668 -609 613 0
-668 -610 669 0
-668 -609 -610 0
-668 613 669 0
668 609 -669 0
668 610 -613 0
669 -1443 -33 0
-669 1443 0
-669 33 0
-670 618 671 0
670 -618 0
670 -671 0
671 -672 -674 0
-671 672 0
-671 674 0
-672 -615 619 0
-672 -616 673 0
-672 -615 -616 0
-672 619 673 0
672 615 -673 0
672 616 -619 0
673 -1443 -42 0
-673 1443 0
-673 42 0
-674 624 675 0
674 -624 0
674 -675 0
675 -676 -678 0
-675 676 0
-675 678 0
-676 -621 625 0
-676 -622 677 0
-676 -621 -622 0
-676 625 677 0
676 621 -677 0
676 622 -625 0
677 -1443 -51 0
-677 1443 0
-677 51 0
-678 630 679 0
678 -630 0
678 -679 0
679 -680 -682 0
-679 680 0
-679 682 0
-680 -627 631 0
-680 -628 681 0
-680 -627 -628 0
-680 631 681 0
680 627 -681 0
680 628 -631 0
681 -1443 -60 0
-681 1443 0
-681 60 0
-682 636 683 0
682 -636 0
682 -683 0
683 -684 -686 0
-683 684 0
-683 686 0
-684 -633 637 0
-684 -634 685 0
-684 -633 -634 0
-684 637 685 0
684 633 -685 0
684 634 -637 0
685 -1443 -69 0
-685 1443 0
-685 69 0
-686 642 687 0
686 -642 0
686 -687 0
687 -688 -690 0
-687 688 0
-687 690 0
-688 -639 643 0
-688 -640 689 0
-688 -639 -640 0
-688 643 689 0
688 639 -689 0
688 640 -643 0
689 -1443 -78 0
-689 1443 0
-689 78 0
-690 648 691 0
690 -648 0
690 -691 0
691 -692 -694 0
-691 692 0
-691 694 0
-692 -645 649 0
-692 -646 693 0
-692 -645 -646 0
-692 649 693 0
692 645 -693 0
692 646 -649 0
693 -1443 -87 0
-693 1443 0
-693 87 0
-694 654 695 0
694 -654 0
694 -695 0
695 -696 -698 0
-695 696 0
-695 698 0
696 -1443 -143 -697 0
-696 1443 0
-696 143 0
-696 697 0
-697 -561 606 0
-697 -564 604 0
-697 -561 -564 0
-697 604 606 0
697 564 -606 0
697 561 -604 0
-698 -651 655 0
-698 -652 699 0
-698 -651 -652 0
-698 655 699 0
698 651 -699 0
698 652 -655 0
699 -1443 -96 0
-699 1443 0
-699 96 0
-700 701 706 0
-700 702 703 0
-700 702 706 0
-700 701 703 0
700 -701 -702 0
700 -703 -706 0
701 -568 663 0
701 -608 663 0
-701 -663 0
-701 568 608 0
702 -1442 -27 0
-702 1442 0
-702 27 0
703 -701 704 0
703 -702 704 0
-703 -704 0
-703 701 702 0
704 -1442 -33 -705 0
-704 1442 0
-704 33 0
-704 705 0
-705 -568 -608 0
-705 664 666 0
-705 -608 666 0
-705 -568 664 0
705 608 -664 0
705 568 -666 0
-706 707 712 0
-706 708 709 0
-706 708 712 0
-706 707 709 0
706 -707 -708 0
706 -709 -712 0
707 -611 667 0
707 -614 667 0
-707 -667 0
-707 611 614 0
708 -1442 -37 0
-708 1442 0
-708 37 0
709 -707 710 0
709 -708 710 0
-709 -710 0
-709 707 708 0
710 -1442 -42 -711 0
-710 1442 0
-710 42 0
-710 711 0
-711 -611 -614 0
-711 668 670 0
-711 -614 670 0
-711 -611 668 0
711 614 -668 0
711 611 -670 0
-712 713 718 0
-712 714 715 0
-712 714 718 0
-712 713 715 0
712 -713 -714 0
712 -715 -718 0
713 -617 671 0
713 -620 671 0
-713 -671 0
-713 617 620 0
714 -1442 -46 0
-714 1442 0
-714 46 0
715 -713 716 0
715 -714 716 0
-715 -716 0
-715 713 714 0
716 -1442 -51 -717 0
-716 1442 0
-716 51 0
-716 717 0
-717 -617 -620 0
-717 672 674 0
-717 -620 674 0
-717 -617 672 0
717 620 -672 0
717 617 -674 0
-718 719 724 0
-718 720 721 0
-718 720 724 0
-718 719 721 0
718 -719 -720 0
718 -721 -724 0
719 -623 675 0
719 -626 675 0
-719 -675 0
-719 623 626 0
720 -1442 -55 0
-720 1442 0
-720 55 0
721 -719 722 0
721 -720 722 0
-721 -722 0
-721 719 720 0
722 -1442 -60 -723 0
-722 1442 0
-722 60 0
-722 723 0
-723 -623 -626 0
-723 676 678 0
-723 -626 678 0
-723 -623 676 0
723 626 -676 0
723 623 -678 0
-724 725 730 0
-724 726 727 0
-724 726 730 0
-724 725 727 0
724 -725 -726 0
724 -727 -730 0
725 -629 679 0
725 -632 679 0
-725 -679 0
-725 629 632 0
726 -1442 -64 0
-726 1442 0
-726 64 0
727 -725 728 0
727 -726 728 0
-727 -728 0
-727 725 726 0
728 -1442 -69 -729 0
-728 1442 0
-728 69 0
-728 729 0
-729 -629 -632 0
-729 680 682 0
-729 -632 682 0
-729 -629 680 0
729 632 -680 0
729 629 -682 0
-730 731 736 0
-730 732 733 0
-730 732 736 0
-730 731 733 0
730 -731 -732 0
730 -733 -736 0
731 -635 683 0
731 -638 683 0
-731 -683 0
-731 635 638 0
732 -1442 -73 0
-732 1442 0
-732 73 0
733 -731 734 0
733 -732 734 0
-733 -734 0
-733 731 732 0
734 -1442 -78 -735 0
-734 1442 0
-734 78 0
-734 735 0
-735 -635 -638 0
-735 684 686 0
-735 -638 686 0
-735 -635 684 0
735 638 -684 0
735 635 -686 0
-736 737 742 0
-736 738 739 0
-736 738 742 0
-736 737 739 0
736 -737 -738 0
736 -739 -742 0
737 -641 687 0
737 -644 687 0
-737 -687 0
-737 641 644 0
738 -1442 -82 0
-738 1442 0
-738 82 0
739 -737 740 0
739 -738 740 0
-739 -740 0
-739 737 738 0
740 -1442 -87 -741 0
-740 1442 0
-740 87 0
-740 741 0
-741 -641 -644 0
-741 688 690 0
-741 -644 690 0
-741 -641 688 0
741 644 -688 0
741 641 -690 0
-742 744 745 0
-742 743 748 0
-742 744 748 0
-742 743 745 0
742 -743 -744 0
742 -745 -748 0
743 -647 691 0
743 -650 691 0
-743 -691 0
-743 647 650 0
744 -1442 -91 0
-744 1442 0
-744 91 0
745 -743 746 0
745 -744 746 0
-745 -746 0
-745 743 744 0
746 -1442 -96 -747 0
-746 1442 0
-746 96 0
-746 747 0
-747 -647 -650 0
-747 692 694 0
-747 -650 694 0
-747 -647 692 0
747 650 -692 0
747 647 -694 0
748 -749 -750 0
-748 749 0
-748 750 0
749 -653 695 0
749 -656 695 0
-749 -695 0
-749 653 656 0
750 -1442 -98 0
-750 1442 0
-750 98 0
751 -1441 -14 0
-751 1441 0
-751 14 0
752 -1441 -32 -753 0
-752 1441 0
-752 32 0
-752 753 0
-753 661 754 0
753 -661 0
753 -754 0
754 -755 -757 0
-754 755 0
-754 757 0
-755 -659 756 0
-755 -6 662 0
-755 -6 -659 0
-755 662 756 0
755 6 -756 0
755 659 -662 0
756 -1442 -32 0
-756 1442 0
-756 32 0
-757 704 758 0
757 -704 0
757 -758 0
758 -759 -761 0
-758 759 0
-758 761 0
-759 -701 705 0
-759 -702 760 0
-759 -701 -702 0
-759 705 760 0
759 701 -760 0
759 702 -705 0
760 -1442 -33 0
-760 1442 0
-760 33 0
-761 710 762 0
761 -710 0
761 -762 0
762 -763 -765 0
-762 763 0
-762 765 0
-763 -707 711 0
-763 -708 764 0
-763 -707 -708 0
-763 711 764 0
763 707 -764 0
763 708 -711 0
764 -1442 -42 0
-764 1442 0
-764 42 0
-765 716 766 0
765 -716 0
765 -766 0
766 -767 -769 0
-766 767 0
-766 769 0
-767 -713 717 0
-767 -714 768 0
-767 -713 -714 0
-767 717 768 0
767 713 -768 0
767 714 -717 0
768 -1442 -51 0
-768 1442 0
-768 51 0
-769 722 770 0
769 -722 0
769 -770 0
770 -771 -773 0
-770 771 0
-770 773 0
-771 -719 723 0
-771 -720 772 0
-771 -719 -720 0
-771 723 772 0
771 719 -772 0
771 720 -723 0
772 -1442 -60 0
-772 1442 0
-772 60 0
-773 728 774 0
773 -728 0
773 -774 0
774 -775 -777 0
-774 775 0
-774 777 0
-775 -725 729 0
-775 -726 776 0
-775 -725 -726 0
-775 729 776 0
775 725 -776 0
775 726 -729 0
776 -1442 -69 0
-776 1442 0
-776 69 0
-777 734 778 0
777 -734 0
777 -778 0
778 -779 -781 0
-778 779 0
-778 781 0
-779 -731 735 0
-779 -732 780 0
-779 -731 -732 0
-779 735 780 0
779 731 -780 0
779 732 -735 0
780 -1442 -78 0
-780 1442 0
-780 78 0
-781 740 782 0
781 -740 0
781 -782 0
782 -783 -785 0
-782 783 0
-782 785 0
-783 -737 741 0
-783 -738 784 0
-783 -737 -738 0
-783 741 784 0
783 737 -784 0
783 738 -741 0
784 -1442 -87 0
-784 1442 0
-784 87 0
-785 746 786 0
785 -746 0
785 -786 0
786 -787 -789 0
-786 787 0
-786 789 0
787 -1442 -143 -788 0
-787 1442 0
-787 143 0
-787 788 0
-788 -653 698 0
-788 -656 696 0
-788 -653 -656 0
-788 696 698 0
788 656 -698 0
788 653 -696 0
-789 -743 747 0
-789 -744 790 0
-789 -743 -744 0
-789 747 790 0
789 743 -790 0
789 744 -747 0
790 -1442 -96 0
-790 1442 0
-790 96 0
-791 792 797 0
-791 793 794 0
-791 793 797 0
-791 792 794 0
791 -792 -793 0
791 -794 -797 0
792 -660 754 0
792 -700 754 0
-792 -754 0
-792 660 700 0
793 -1441 -27 0
-793 1441 0
-793 27 0
794 -792 795 0
794 -793 795 0
-794 -795 0
-794 792 793 0
795 -1441 -33 -796 0
-795 1441 0
-795 33 0
-795 796 0
-796 -660 -700 0
-796 755 757 0
-796 -700 757 0
-796 -660 755 0
796 700 -755 0
796 660 -757 0
-797 798 803 0
-797 799 800 0
-797 799 803 0
-797 798 800 0
797 -798 -799 0
797 -800 -803 0
798 -703 758 0
798 -706 758 0
-798 -758 0
-798 703 706 0
799 -1441 -37 0
-799 1441 0
-799 37 0
800 -798 801 0
800 -799 801 0
-800 -801 0
-800 798 799 0
801 -1441 -42 -802 0
-801 1441 0
-801 42 0
-801 802 0
-802 -703 -706 0
-802 759 761 0
-802 -706 761 0
-802 -703 759 0
802 706 -759 0
802 703 -761 0
-803 804 809 0
-803 805 806 0
-803 805 809 0
-803 804 806 0
803 -804 -805 0
803 -806 -809 0
804 -709 762 0
804 -712 762 0
-804 -762 0
-804 709 712 0
805 -1441 -46 0
-805 1441 0
-805 46 0
806 -804 807 0
806 -805 807 0
-806 -807 0
-806 804 805 0
807 -1441 -51 -808 0
-807 1441 0
-807 51 0
-807 808 0
-808 -709 -712 0
-808 763 765 0
-808 -712 765 0
-808 -709 763 0
808 712 -763 0
808 709 -765 0
-809 810 815 0
-809 811 812 0
-809 811 815 0
-809 810 812 0
809 -810 -811 0
809 -812 -815 0
810 -715 766 0
810 -718 766 0
-810 -766 0
-810 715 718 0
811 -1441 -55 0
-811 1441 0
-811 55 0
812 -810 813 0
812 -811 813 0
-812 -813 0
-812 810 811 0
813 -1441 -60 -814 0
-813 1441 0
-813 60 0
-813 814 0
-814 -715 -718 0
-814 767 769 0
-814 -718 769 0
-814 -715 767 0
814 718 -767 0
814 715 -769 0
-815 816 821 0
-815 817 818 0
-815 817 821 0
-815 816 818 0
815 -816 -817 0
815 -818 -821 0
816 -721 770 0
816 -724 770 0
-816 -770 0
-816 721 724 0
817 -1441 -64 0
-817 1441 0
-817 64 0
818 -816 819 0
818 -817 819 0
-818 -819 0
-818 816 817 0
819 -1441 -69 -820 0
-819 1441 0
-819 69 0
-819 820 0
-820 -721 -724 0
-820 771 773 0
-820 -724 773 0
-820 -721 771 0
820 724 -771 0
820 721 -773 0
-821 822 827 0
-821 823 824 0
-821 823 827 0
-821 822 824 0
821 -822 -823 0
821 -824 -827 0
822 -727 774 0
822 -730 774 0
-822 -774 0
-822 727 730 0
823 -1441 -73 0
-823 1441 0
-823 73 0
824 -822 825 0
824 -823 825 0
-824 -825 0
-824 822 823 0
825 -1441 -78 -826 0
-825 1441 0
-825 78 0
-825 826 0
-826 -727 -730 0
-826 775 777 0
-826 -730 777 0
-826 -727 775 0
826 730 -775 0
826 727 -777 0
-827 828 833 0
-827 829 830 0
-827 829 833 0
-827 828 830 0
827 -828 -829 0
827 -830 -833 0
828 -733 778 0
828 -736 778 0
-828 -778 0
-828 733 736 0
829 -1441 -82 0
-829 1441 0
-829 82 0
830 -828 831 0
830 -829 831 0
-830 -831 0
-830 828 829 0
831 -1441 -87 -832 0
-831 1441 0
-831 87 0
-831 832 0
-832 -733 -736 0
-832 779 781 0
-832 -736 781 0
-832 -733 779 0
832 736 -779 0
832 733 -781 0
-833 835 836 0
-833 834 839 0
-833 835 839 0
-833 834 836 0
833 -834 -835 0
833 -836 -839 0
834 -739 782 0
834 -742 782 0
-834 -782 0
-834 739 742 0
835 -1441 -91 0
-835 1441 0
-835 91 0
836 -834 837 0
836 -835 837 0
-836 -837 0
-836 834 835 0
837 -1441 -96 -838 0
-837 1441 0
-837 96 0
-837 838 0
-838 -739 -742 0
-838 783 785 0
-838 -742 785 0
-838 -739 783 0
838 742 -783 0
838 739 -785 0
839 -840 -841 0
-839 840 0
-839 841 0
840 -745 786 0
840 -748 786 0
-840 -786 0
-840 745 748 0
841 -1441 -98 0
-841 1441 0
-841 98 0
842 5 -843 0
842 751 -843 0
-842 843 0
-842 -5 -751 0
-843 862 863 0
-843 844 862 0
-843 844 863 0
843 -844 -862 0
843 -862 -863 0
843 -844 -863 0
844 -845 851 0
-844 845 0
-844 -851 0
-845 846 849 0
-845 1441 846 0
845 -846 0
845 -1441 -849 0
846 -1442 -847 0
-846 1442 0
-846 847 0
-847 -22 848 0
-847 1431 848 0
847 -848 0
847 -1431 22 0
-848 1421 1457 0
-848 1411 1458 0
-848 1457 1458 0
-848 1411 1421 0
848 -1411 -1457 0
848 -1421 -1458 0
-849 -22 850 0
-849 1432 850 0
849 -850 0
849 -1432 22 0
-850 1422 1457 0
-850 1412 1458 0
-850 1457 1458 0
-850 1412 1422 0
850 -1412 -1457 0
850 -1422 -1458 0
851 852 -860 0
-851 -852 0
-851 860 0
852 -853 857 0
-852 853 0
-852 -857 0
-853 854 855 0
-853 1441 854 0
853 -854 0
853 -1441 -855 0
854 -1443 -847 0
-854 1443 0
-854 847 0
-855 -22 856 0
-855 1433 856 0
855 -856 0
855 -1433 22 0
-856 1423 1457 0
-856 1413 1458 0
-856 1457 1458 0
-856 1413 1423 0
856 -1413 -1457 0
856 -1423 -1458 0
857 849 -858 0
857 1442 -858 0
-857 858 0
-857 -1442 -849 0
858 854 -859 0
858 -854 859 0
-858 -854 -859 0
-858 854 859 0
859 -1441 -855 0
-859 1441 0
-859 855 0
860 846 -861 0
860 -846 861 0
-860 -846 -861 0
-860 846 861 0
861 -1441 -849 0
-861 1441 0
-861 849 0
862 -1441 -847 0
-862 1441 0
-862 847 0
-863 864 927 0
-863 927 1029 0
-863 927 1031 0
863 -927 0
863 -864 -1029 -1031 0
864 -865 -922 0
-864 865 0
-864 922 0
-865 866 912 0
865 -866 0
865 -912 0
866 -867 900 0
-866 867 0
-866 -900 0
-867 868 884 0
867 -868 0
867 -884 0
868 -869 873 0
-868 869 0
-868 -873 0
-869 855 870 0
-869 1443 870 0
869 -870 0
869 -1443 -855 0
870 -1441 -871 0
-870 1441 0
-870 871 0
-871 -22 872 0
-871 1435 872 0
871 -872 0
871 -1435 22 0
-872 1425 1457 0
-872 1415 1458 0
-872 1457 1458 0
-872 1415 1425 0
872 -1415 -1457 0
872 -1425 -1458 0
873 874 -882 0
-873 -874 0
-873 882 0
874 -875 879 0
-874 875 0
-874 -879 0
-875 876 877 0
-875 1441 876 0
875 -876 0
875 -1441 -877 0
876 -1442 -871 0
-876 1442 0
-876 871 0
-877 -22 878 0
-877 1436 878 0
877 -878 0
877 -1436 22 0
-878 1426 1457 0
-878 1416 1458 0
-878 1457 1458 0
-878 1416 1426 0
878 -1416 -1457 0
878 -1426 -1458 0
879 855 -880 0
879 1444 -880 0
-879 880 0
-879 -1444 -855 0
880 876 -881 0
880 -876 881 0
-880 -876 -881 0
-880 876 881 0
881 -1441 -877 0
-881 1441 0
-881 877 0
882 870 -883 0
882 -870 883 0
-882 -870 -883 0
-882 870 883 0
883 -1443 -855 0
-883 1443 0
-883 855 0
-884 -885 -892 0
-884 885 892 0
884 885 -892 0
884 -885 892 0
-885 -886 -889 0
-885 886 889 0
885 886 -889 0
885 -886 889 0
886 -1441 -887 0
-886 1441 0
-886 887 0
-887 -22 888 0
-887 1434 888 0
887 -888 0
887 -1434 22 0
-888 1424 1457 0
-888 1414 1458 0
-888 1457 1458 0
-888 1414 1424 0
888 -1414 -1457 0
888 -1424 -1458 0
889 890 -891 0
889 -890 891 0
-889 -890 -891 0
-889 890 891 0
890 -1443 -849 0
-890 1443 0
-890 849 0
891 -1444 -847 0
-891 1444 0
-891 847 0
892 893 -894 0
892 -893 894 0
-892 -893 -894 0
-892 893 894 0
893 -1442 -855 0
-893 1442 0
-893 855 0
894 -895 897 0
-894 895 0
-894 -897 0
-895 847 896 0
-895 1445 896 0
895 -896 0
895 -1445 -847 0
896 -1442 -887 0
-896 1442 0
-896 887 0
897 849 -898 0
897 1444 -898 0
-897 898 0
-897 -1444 -849 0
898 896 -899 0
898 -896 899 0
-898 -896 -899 0
-898 896 899 0
899 -1445 -847 0
-899 1445 0
-899 847 0
900 -901 902 0
-900 901 0
-900 -902 0
901 -868 884 0
901 868 -884 0
-901 868 884 0
-901 -868 -884 0
-902 903 909 0
-902 909 911 0
-902 903 911 0
902 -909 -911 0
902 -903 -909 0
902 -903 -911 0
903 -904 906 0
-903 904 0
-903 -906 0
-904 847 905 0
-904 1446 905 0
904 -905 0
904 -1446 -847 0
905 -1445 -849 0
-905 1445 0
-905 849 0
906 887 -907 0
906 1443 -907 0
-906 907 0
-906 -1443 -887 0
907 905 -908 0
907 -905 908 0
-907 -905 -908 0
-907 905 908 0
908 -1446 -847 0
-908 1446 0
-908 847 0
-909 -910 -898 0
-909 910 898 0
909 910 -898 0
909 -910 898 0
910 -1444 -849 0
-910 1444 0
-910 849 0
-911 -874 -882 0
-911 874 882 0
911 874 -882 0
911 -874 882 0
-912 -913 -916 0
-912 913 916 0
912 913 -916 0
912 -913 916 0
913 -914 915 0
-913 914 0
-913 -915 0
-914 855 894 0
-914 1442 894 0
914 -894 0
914 -1442 -855 0
915 885 -892 0
-915 -885 0
-915 892 0
916 -917 920 0
916 917 -920 0
-916 917 920 0
-916 -917 -920 0
917 -918 919 0
-917 918 0
-917 -919 0
-918 847 890 0
-918 1444 890 0
918 -890 0
918 -1444 -847 0
919 887 -889 0
919 1441 -889 0
-919 889 0
-919 -1441 -887 0
-920 -921 -858 0
-920 921 858 0
920 921 -858 0
920 -921 858 0
921 -1442 -849 0
-921 1442 0
-921 849 0
-922 923 926 0
922 -923 0
922 -926 0
923 -924 925 0
-923 924 0
-923 -925 0
-924 917 920 0
924 -917 0
924 -920 0
925 913 -916 0
-925 -913 0
-925 916 0
-926 -852 -860 0
-926 852 860 0
926 852 -860 0
926 -852 860 0
-927 928 864 0
-927 928 929 1028 0
927 -928 0
927 -864 -929 0
927 -864 -1028 0
928 -923 -926 0
-928 923 0
-928 926 0
-929 930 975 0
-929 930 976 0
929 -930 0
929 -975 -976 0
930 -931 -974 0
-930 931 0
-930 974 0
-931 932 946 0
931 -932 0
931 -946 0
932 -933 -944 0
-932 933 0
-932 944 0
-933 934 938 0
-933 938 942 0
-933 934 942 0
933 -934 -942 0
933 -938 -942 0
933 -934 -938 0
-934 935 937 0
-934 936 937 0
-934 935 936 0
934 -935 -936 0
934 -936 -937 0
934 -935 -937 0
935 -1442 -877 0
-935 1442 0
-935 877 0
936 -1443 -871 0
-936 1443 0
-936 871 0
937 -1445 -855 0
-937 1445 0
-937 855 0
-938 939 941 0
-938 940 941 0
-938 939 940 0
938 -939 -940 0
938 -940 -941 0
938 -939 -941 0
939 -1444 -887 0
-939 1444 0
-939 887 0
940 -1447 -847 0
-940 1447 0
-940 847 0
941 -1446 -849 0
-941 1446 0
-941 849 0
-942 -943 -907 0
-942 943 907 0
942 943 -907 0
942 -943 907 0
943 -1443 -887 0
-943 1443 0
-943 887 0
-944 -911 -945 0
-944 911 945 0
944 911 -945 0
944 -911 945 0
945 -903 909 0
945 903 -909 0
-945 903 909 0
-945 -903 -909 0
946 -947 -973 0
-946 947 0
-946 973 0
-947 948 950 0
-947 950 952 0
-947 948 952 0
947 -950 -952 0
947 -948 -950 0
947 -948 -952 0
-948 942 949 0
-948 -942 -949 0
948 -942 949 0
948 942 -949 0
-949 934 938 0
-949 -934 -938 0
949 -934 938 0
949 934 -938 0
-950 -951 -880 0
-950 951 880 0
950 951 -880 0
950 -951 880 0
951 -1444 -855 0
-951 1444 0
-951 855 0
952 -953 962 0
-952 953 0
-952 -962 0
-953 954 956 0
-953 1441 956 0
953 -956 0
953 -1441 -954 0
-954 -22 955 0
-954 1437 955 0
954 -955 0
954 -1437 22 0
-955 1427 1457 0
-955 1417 1458 0
-955 1457 1458 0
-955 1417 1427 0
955 -1417 -1457 0
955 -1427 -1458 0
956 -957 959 0
-956 957 0
-956 -959 0
-957 887 958 0
-957 1445 958 0
957 -958 0
957 -1445 -887 0
958 -1447 -849 0
-958 1447 0
-958 849 0
959 847 -960 0
959 1448 -960 0
-959 960 0
-959 -1448 -847 0
960 958 -961 0
960 -958 961 0
-960 -958 -961 0
-960 958 961 0
961 -1445 -887 0
-961 1445 0
-961 887 0
962 963 -971 0
-962 -963 0
-962 971 0
963 -964 968 0
-963 964 0
-963 -968 0
-964 965 966 0
-964 1441 965 0
964 -965 0
964 -1441 -966 0
965 -1444 -871 0
-965 1444 0
-965 871 0
-966 -22 967 0
-966 1438 967 0
966 -967 0
966 -1438 22 0
-967 1428 1457 0
-967 1418 1458 0
-967 1457 1458 0
-967 1418 1428 0
967 -1418 -1457 0
967 -1428 -1458 0
968 855 -969 0
968 1446 -969 0
-968 969 0
-968 -1446 -855 0
969 965 -970 0
969 -965 970 0
-969 -965 -970 0
-969 965 970 0
970 -1441 -966 0
-970 1441 0
-970 966 0
971 972 -956 0
971 -972 956 0
-971 -972 -956 0
-971 972 956 0
972 -1441 -954 0
-972 1441 0
-972 954 0
973 -933 944 0
973 933 -944 0
-973 933 944 0
-973 -933 -944 0
-974 901 902 0
-974 -901 -902 0
974 -901 902 0
974 901 -902 0
-975 931 974 0
975 -931 0
975 -974 0
976 -977 -1027 0
-976 977 0
-976 1027 0
-977 990 992 0
-977 978 990 0
-977 978 992 0
977 -978 -990 0
977 -990 -992 0
977 -978 -992 0
-978 981 983 0
-978 979 981 0
-978 979 983 0
978 -979 -981 0
978 -981 -983 0
978 -979 -983 0
-979 -939 -980 0
-979 939 980 0
979 939 -980 0
979 -939 980 0
980 940 -941 0
980 -940 941 0
-980 -940 -941 0
-980 940 941 0
981 -937 982 0
981 937 -982 0
-981 937 982 0
-981 -937 -982 0
-982 -935 -936 0
-982 935 936 0
982 935 -936 0
982 -935 936 0
983 -984 986 0
-983 984 0
-983 -986 0
-984 877 985 0
-984 1443 985 0
984 -985 0
984 -1443 -877 0
985 -1442 -954 0
-985 1442 0
-985 954 0
986 987 -988 0
-986 -987 0
-986 988 0
987 -1448 -1449 -847 -849 0
-987 1449 0
-987 849 0
-987 1448 0
-987 847 0
988 985 -989 0
988 -985 989 0
-988 -985 -989 0
-988 985 989 0
989 -1443 -877 0
-989 1443 0
-989 877 0
990 952 -991 0
990 -952 991 0
-990 -952 -991 0
-990 952 991 0
991 -948 950 0
991 948 -950 0
-991 948 950 0
-991 -948 -950 0
992 -993 1008 0
-992 993 0
-992 -1008 0
-993 994 1007 0
993 -994 0
993 -1007 0
-994 995 1001 0
-994 1001 1003 0
-994 995 1003 0
994 -995 -1003 0
994 -1001 -1003 0
994 -995 -1001 0
-995 996 998 0
-995 997 998 0
-995 996 997 0
995 -996 -997 0
995 -997 -998 0
995 -996 -998 0
996 -1446 -887 0
-996 1446 0
-996 887 0
997 -1442 -966 0
-997 1442 0
-997 966 0
998 -1441 -999 0
-998 1441 0
-998 999 0
-999 -22 1000 0
-999 1439 1000 0
999 -1000 0
999 -1439 22 0
-1000 1429 1457 0
-1000 1419 1458 0
-1000 1457 1458 0
-1000 1419 1429 0
1000 -1419 -1457 0
1000 -1429 -1458 0
-1001 -1002 -960 0
-1001 1002 960 0
1001 1002 -960 0
1001 -1002 960 0
1002 -1448 -847 0
-1002 1448 0
-1002 847 0
-1003 1004 1006 0
-1003 1005 1006 0
-1003 1004 1005 0
1003 -1004 -1005 0
1003 -1005 -1006 0
1003 -1004 -1006 0
1004 -1444 -877 0
-1004 1444 0
-1004 877 0
1005 -1445 -871 0
-1005 1445 0
-1005 871 0
1006 -1447 -855 0
-1006 1447 0
-1006 855 0
-1007 -963 -971 0
-1007 963 971 0
1007 963 -971 0
1007 -963 971 0
1008 1009 -1026 0
-1008 -1009 0
-1008 1026 0
1009 -1010 1014 0
-1009 1010 0
-1009 -1014 0
-1010 1011 1013 0
1010 -1011 0
1010 -1013 0
-1011 -1012 -969 0
-1011 1012 969 0
1011 1012 -969 0
1011 -1012 969 0
1012 -1446 -855 0
-1012 1446 0
-1012 855 0
-1013 -987 -988 0
-1013 987 988 0
1013 987 -988 0
1013 -987 988 0
1014 1015 -1025 0
-1014 -1015 0
-1014 1025 0
1015 -1016 1019 0
-1015 1016 0
-1015 -1019 0
-1016 954 1017 0
-1016 1443 1017 0
1016 -1017 0
1016 -1443 -954 0
1017 -1450 -847 -1018 0
-1017 1450 0
-1017 847 0
-1017 1018 0
1018 -1449 -849 0
-1018 1449 0
-1018 849 0
1019 -1020 1022 0
-1019 1020 0
-1019 -1022 0
1020 1021 -1017 0
1020 -1021 1017 0
-1020 -1021 -1017 0
-1020 1021 1017 0
1021 -1443 -954 0
-1021 1443 0
-1021 954 0
1022 1023 -1024 0
1022 -1023 1024 0
-1022 -1023 -1024 0
-1022 1023 1024 0
1023 -1448 -849 0
-1023 1448 0
-1023 849 0
1024 -1449 -847 0
-1024 1449 0
-1024 847 0
1025 -1011 1013 0
1025 1011 -1013 0
-1025 1011 1013 0
-1025 -1011 -1013 0
1026 -994 1007 0
1026 994 -1007 0
-1026 994 1007 0
-1026 -994 -1007 0
1027 947 -973 0
1027 -947 973 0
-1027 -947 -973 0
-1027 947 973 0
1028 -866 -912 0
-1028 866 0
-1028 912 0
1029 -975 -1030 0
-1029 975 0
-1029 1030 0
-1030 977 1027 0
1030 -977 0
1030 -1027 0
-1031 1032 1090 0
-1031 1032 1088 0
-1031 1088 1090 0
1031 -1088 -1090 0
1031 -1032 -1090 0
1031 -1032 -1088 0
-1032 1034 1036 0
-1032 1033 1034 0
-1032 1033 1036 0
1032 -1033 -1034 0
1032 -1034 -1036 0
1032 -1033 -1036 0
-1033 -1009 -1026 0
-1033 1009 1026 0
1033 1009 -1026 0
1033 -1009 1026 0
1034 983 -1035 0
1034 -983 1035 0
-1034 -983 -1035 0
-1034 983 1035 0
1035 979 -981 0
1035 -979 981 0
-1035 -979 -981 0
-1035 979 981 0
1036 -1037 1058 0
-1036 1037 0
-1036 -1058 0
-1037 1038 1040 0
1037 -1038 0
1037 -1040 0
-1038 1001 1039 0
-1038 -1001 -1039 0
1038 -1001 1039 0
1038 1001 -1039 0
-1039 995 1003 0
-1039 -995 -1003 0
1039 -995 1003 0
1039 995 -1003 0
1040 -1041 1052 0
-1040 1041 0
-1040 -1052 0
-1041 1042 1050 0
1041 -1042 0
1041 -1050 0
1042 -1043 1045 0
-1042 1043 0
-1042 -1045 0
-1043 855 1044 0
-1043 1448 1044 0
1043 -1044 0
1043 -1448 -855 0
1044 -1446 -871 0
-1044 1446 0
-1044 871 0
1045 1046 -1048 0
1045 1441 -1048 0
-1045 1048 0
-1045 -1441 -1046 0
-1046 -22 1047 0
-1046 1440 1047 0
1046 -1047 0
1046 -1440 22 0
-1047 1430 1457 0
-1047 1420 1458 0
-1047 1457 1458 0
-1047 1420 1430 0
1047 -1420 -1457 0
1047 -1430 -1458 0
1048 1044 -1049 0
1048 -1044 1049 0
-1048 -1044 -1049 0
-1048 1044 1049 0
1049 -1448 -855 0
-1049 1448 0
-1049 855 0
1050 -1006 1051 0
1050 1006 -1051 0
-1050 1006 1051 0
-1050 -1006 -1051 0
-1051 -1004 -1005 0
-1051 1004 1005 0
1051 1004 -1005 0
1051 -1004 1005 0
1052 1053 -1057 0
-1052 -1053 0
-1052 1057 0
-1053 1054 1056 0
-1053 1055 1056 0
-1053 1054 1055 0
1053 -1054 -1055 0
1053 -1055 -1056 0
1053 -1054 -1056 0
1054 -1442 -999 0
-1054 1442 0
-1054 999 0
1055 -1447 -887 0
-1055 1447 0
-1055 887 0
1056 -1443 -966 0
-1056 1443 0
-1056 966 0
1057 1042 -1050 0
1057 -1042 1050 0
-1057 -1042 -1050 0
-1057 1042 1050 0
1058 1059 -1087 0
-1058 -1059 0
-1058 1087 0
1059 -1060 1071 0
-1059 1060 0
-1059 -1071 0
-1060 1061 1063 0
1060 -1061 0
1060 -1063 0
1061 998 -1062 0
1061 -998 1062 0
-1061 -998 -1062 0
-1061 998 1062 0
1062 996 -997 0
1062 -996 997 0
-1062 -996 -997 0
-1062 996 997 0
1063 -1064 1066 0
-1063 1064 0
-1063 -1066 0
-1064 877 1065 0
-1064 1445 1065 0
1064 -1065 0
1064 -1445 -877 0
1065 -1444 -954 0
-1065 1444 0
-1065 954 0
1066 -1067 1069 0
-1066 1067 0
-1066 -1069 0
1067 1065 -1068 0
1067 -1065 1068 0
-1067 -1065 -1068 0
-1067 1065 1068 0
1068 -1445 -877 0
-1068 1445 0
-1068 877 0
1069 1018 -1070 0
1069 -1018 1070 0
-1069 -1018 -1070 0
-1069 1018 1070 0
1070 -1450 -847 0
-1070 1450 0
-1070 847 0
1071 1072 -1086 0
-1071 -1072 0
-1071 1086 0
1072 -1073 1080 0
-1072 1073 0
-1072 -1080 0
-1073 1074 1076 0
1073 -1074 0
1073 -1076 0
1074 -1018 -1075 0
-1074 1018 0
-1074 1075 0
1075 -1450 -855 0
-1075 1450 0
-1075 855 0
1076 -1077 -1078 0
1076 -1078 -1079 0
1076 -1077 -1079 0
-1076 1077 1079 0
-1076 1078 1079 0
-1076 1077 1078 0
1077 -1448 -887 0
-1077 1448 0
-1077 887 0
1078 -1446 -877 0
-1078 1446 0
-1078 877 0
1079 -1445 -954 0
-1079 1445 0
-1079 954 0
1080 1081 -1085 0
-1080 -1081 0
-1080 1085 0
-1081 1082 1084 0
-1081 1083 1084 0
-1081 1082 1083 0
1081 -1082 -1083 0
1081 -1083 -1084 0
1081 -1082 -1084 0
1082 -1442 -1046 0
-1082 1442 0
-1082 1046 0
1083 -1447 -871 0
-1083 1447 0
-1083 871 0
1084 -1443 -999 0
-1084 1443 0
-1084 999 0
1085 1074 -1076 0
1085 -1074 1076 0
-1085 -1074 -1076 0
-1085 1074 1076 0
1086 1061 -1063 0
1086 -1061 1063 0
-1086 -1061 -1063 0
-1086 1061 1063 0
1087 1038 -1040 0
1087 -1038 1040 0
-1087 -1038 -1040 0
-1087 1038 1040 0
1088 992 -1089 0
1088 -992 1089 0
-1088 -992 -1089 0
-1088 992 1089 0
1089 978 -990 0
1089 -978 990 0
-1089 -978 -990 0
-1089 978 990 0
-1090 1091 1119 0
-1090 1091 1093 0
-1090 1093 1119 0
1090 -1093 -1119 0
1090 -1091 -1119 0
1090 -1091 -1093 0
-1091 -1036 -1092 0
-1091 1036 1092 0
1091 1036 -1092 0
1091 -1036 1092 0
1092 1033 -1034 0
1092 -1033 1034 0
-1092 -1033 -1034 0
-1092 1033 1034 0
1093 -1094 1116 0
-1093 1094 0
-1093 -1116 0
-1094 1095 1115 0
1094 -1095 0
1094 -1115 0
1095 -1096 1099 0
-1095 1096 0
-1095 -1099 0
-1096 1097 1098 0
1096 -1097 0
1096 -1098 0
-1097 -1020 -1022 0
-1097 1020 1022 0
1097 1020 -1022 0
1097 -1020 1022 0
-1098 -1053 -1057 0
-1098 1053 1057 0
1098 1053 -1057 0
1098 -1053 1057 0
1099 1100 -1114 0
-1099 -1100 0
-1099 1114 0
-1100 1101 1112 0
-1100 1101 1110 0
-1100 1110 1112 0
1100 -1110 -1112 0
1100 -1101 -1112 0
1100 -1101 -1110 0
-1101 1102 1106 0
1101 -1102 0
1101 -1106 0
1102 -1444 -966 -1103 0
-1102 1444 0
-1102 1103 0
-1102 966 0
-1103 -1104 -1105 0
-1103 1104 1105 0
1103 1104 -1105 0
1103 -1104 1105 0
1104 -1449 -855 0
-1104 1449 0
-1104 855 0
1105 -1450 -849 0
-1105 1450 0
-1105 849 0
1106 -1107 -1108 0
-1106 1107 0
-1106 1108 0
1107 -1449 -887 -1075 0
-1107 1449 0
-1107 887 0
-1107 1075 0
1108 -1109 1103 0
1108 1109 -1103 0
-1108 1109 1103 0
-1108 -1109 -1103 0
1109 -1444 -966 0
-1109 1444 0
-1109 966 0
1110 1054 -1111 0
1110 -1054 1111 0
-1110 -1054 -1111 0
-1110 1054 1111 0
1111 1055 -1056 0
1111 -1055 1056 0
-1111 -1055 -1056 0
-1111 1055 1056 0
-1112 -1113 -1048 0
-1112 1113 1048 0
1112 1113 -1048 0
1112 -1113 1048 0
1113 -1441 -1046 0
-1113 1441 0
-1113 1046 0
1114 -1097 1098 0
1114 1097 -1098 0
-1114 1097 1098 0
-1114 -1097 -1098 0
-1115 -1015 -1025 0
-1115 1015 1025 0
1115 1015 -1025 0
1115 -1015 1025 0
1116 -1117 1118 0
-1116 1117 0
-1116 -1118 0
1117 -1095 1115 0
1117 1095 -1115 0
-1117 1095 1115 0
-1117 -1095 -1115 0
-1118 -1059 -1087 0
-1118 1059 1087 0
1118 1059 -1087 0
1118 -1059 1087 0
-1119 1120 1140 0
-1119 1140 1141 0
-1119 1120 1141 0
1119 -1120 -1141 0
1119 -1140 -1141 0
1119 -1120 -1140 0
-1120 1121 1138 0
-1120 1138 1139 0
-1120 1121 1139 0
1120 -1138 -1139 0
1120 -1121 -1138 0
1120 -1121 -1139 0
1121 -1122 1125 0
-1121 1122 0
-1121 -1125 0
-1122 1123 1124 0
1122 -1123 0
1122 -1124 0
-1123 -1067 -1069 0
-1123 1067 1069 0
1123 1067 -1069 0
1123 -1067 1069 0
-1124 -1081 -1085 0
-1124 1081 1085 0
1124 1081 -1085 0
1124 -1081 1085 0
1125 1126 -1137 0
-1125 -1126 0
-1125 1137 0
-1126 1129 1133 0
-1126 1127 1133 0
-1126 1127 1129 0
1126 -1127 -1133 0
1126 -1127 -1129 0
1126 -1129 -1133 0
1127 1079 -1128 0
1127 -1079 1128 0
-1127 -1079 -1128 0
-1127 1079 1128 0
1128 1077 -1078 0
1128 -1077 1078 0
-1128 -1077 -1078 0
-1128 1077 1078 0
-1129 1130 1132 0
-1129 1131 1132 0
-1129 1130 1131 0
1129 -1130 -1131 0
1129 -1131 -1132 0
1129 -1130 -1132 0
1130 -1448 -871 0
-1130 1448 0
-1130 871 0
1131 -1445 -966 0
-1131 1445 0
-1131 966 0
1132 -1444 -999 0
-1132 1444 0
-1132 999 0
1133 -1134 -1135 0
1133 -1135 -1136 0
1133 -1134 -1136 0
-1133 1134 1136 0
-1133 1135 1136 0
-1133 1134 1135 0
1134 -1443 -1046 0
-1134 1443 0
-1134 1046 0
1135 -1447 -877 0
-1135 1447 0
-1135 877 0
1136 -1446 -954 0
-1136 1446 0
-1136 954 0
1137 -1123 1124 0
1137 1123 -1124 0
-1137 1123 1124 0
-1137 -1123 -1124 0
-1138 -1072 -1086 0
-1138 1072 1086 0
1138 1072 -1086 0
1138 -1072 1086 0
-1139 -1100 -1114 0
-1139 1100 1114 0
1139 1100 -1114 0
1139 -1100 1114 0
-1140 1117 1118 0
-1140 -1117 -1118 0
1140 -1117 1118 0
1140 1117 -1118 0
-1141 1144 1166 0
-1141 1142 1166 0
-1141 1142 1144 0
1141 -1142 -1166 0
1141 -1142 -1144 0
1141 -1144 -1166 0
1142 -1139 1143 0
1142 1139 -1143 0
-1142 1139 1143 0
-1142 -1139 -1143 0
-1143 1121 1138 0
-1143 -1121 -1138 0
1143 -1121 1138 0
1143 1121 -1138 0
-1144 1145 1163 0
-1144 1163 1165 0
-1144 1145 1165 0
1144 -1145 -1165 0
1144 -1163 -1165 0
1144 -1145 -1163 0
-1145 1146 1150 0
1145 -1146 0
1145 -1150 0
1146 -1147 -1149 0
-1146 1147 0
-1146 1149 0
-1147 -1082 -1148 0
-1147 1082 1148 0
1147 1082 -1148 0
1147 -1082 1148 0
1148 1083 -1084 0
1148 -1083 1084 0
-1148 -1083 -1084 0
-1148 1083 1084 0
1149 1107 -1108 0
1149 -1107 1108 0
-1149 -1107 -1108 0
-1149 1107 1108 0
1150 -1151 -1162 0
-1150 1151 0
-1150 1162 0
-1151 1152 1156 0
1151 -1152 0
1151 -1156 0
1152 -1153 -1154 0
-1152 1153 0
-1152 1154 0
1153 -1449 -1450 -887 -871 0
-1153 1450 0
-1153 871 0
-1153 1449 0
-1153 887 0
1154 1075 -1155 0
1154 -1075 1155 0
-1154 -1075 -1155 0
-1154 1075 1155 0
1155 -1449 -887 0
-1155 1449 0
-1155 887 0
1156 -1157 -1158 0
-1156 1157 0
-1156 1158 0
1157 1153 -1154 0
1157 -1153 1154 0
-1157 -1153 -1154 0
-1157 1153 1154 0
1158 -1159 -1160 0
1158 -1160 -1161 0
1158 -1159 -1161 0
-1158 1159 1161 0
-1158 1160 1161 0
-1158 1159 1160 0
1159 -1446 -966 0
-1159 1446 0
-1159 966 0
1160 -1447 -954 0
-1160 1447 0
-1160 954 0
1161 -1448 -877 0
-1161 1448 0
-1161 877 0
1162 1147 -1149 0
1162 -1147 1149 0
-1162 -1147 -1149 0
-1162 1147 1149 0
-1163 -1101 -1164 0
-1163 1101 1164 0
1163 1101 -1164 0
1163 -1101 1164 0
1164 -1110 1112 0
1164 1110 -1112 0
-1164 1110 1112 0
-1164 -1110 -1112 0
-1165 -1126 -1137 0
-1165 1126 1137 0
1165 1126 -1137 0
1165 -1126 1137 0
1166 -1167 -1186 0
1166 -1167 -1270 0
-1166 1167 0
-1166 1186 1270 0
-1167 1168 1170 0
1167 -1168 0
1167 -1170 0
1168 1165 -1169 0
1168 -1165 1169 0
-1168 -1165 -1169 0
-1168 1165 1169 0
1169 -1145 1163 0
1169 1145 -1163 0
-1169 1145 1163 0
-1169 -1145 -1163 0
-1170 1171 1183 0
1170 -1171 0
1170 -1183 0
1171 -1172 -1181 0
-1171 1172 0
-1171 1181 0
-1172 1173 1179 0
-1172 1173 1177 0
-1172 1177 1179 0
1172 -1177 -1179 0
1172 -1173 -1179 0
1172 -1173 -1177 0
-1173 1174 1176 0
-1173 1175 1176 0
-1173 1174 1175 0
1173 -1174 -1175 0
1173 -1175 -1176 0
1173 -1174 -1176 0
1174 -1444 -1046 0
-1174 1444 0
-1174 1046 0
1175 -1445 -999 0
-1175 1445 0
-1175 999 0
1176 -1449 -1450 -871 -877 0
-1176 1450 0
-1176 877 0
-1176 1449 0
-1176 871 0
1177 -1132 1178 0
1177 1132 -1178 0
-1177 1132 1178 0
-1177 -1132 -1178 0
-1178 -1130 -1131 0
-1178 1130 1131 0
1178 1130 -1131 0
1178 -1130 1131 0
-1179 -1136 -1180 0
-1179 1136 1180 0
1179 1136 -1180 0
1179 -1136 1180 0
1180 1134 -1135 0
1180 -1134 1135 0
-1180 -1134 -1135 0
-1180 1134 1135 0
1181 1127 -1182 0
1181 -1127 1182 0
-1181 -1127 -1182 0
-1181 1127 1182 0
1182 1129 -1133 0
1182 -1129 1133 0
-1182 -1129 -1133 0
-1182 1129 1133 0
1183 -1184 -1185 0
-1183 1184 0
-1183 1185 0
1184 1172 -1181 0
1184 -1172 1181 0
-1184 -1172 -1181 0
-1184 1172 1181 0
1185 1151 -1162 0
1185 -1151 1162 0
-1185 -1151 -1162 0
-1185 1151 1162 0
-1186 1187 1207 0
-1186 1187 1206 0
-1186 1206 1207 0
1186 -1206 -1207 0
1186 -1187 -1207 0
1186 -1187 -1206 0
-1187 1190 1191 0
-1187 1188 1190 0
-1187 1188 1191 0
1187 -1188 -1190 0
1187 -1190 -1191 0
1187 -1188 -1191 0
-1188 -1173 -1189 0
-1188 1173 1189 0
1188 1173 -1189 0
1188 -1173 1189 0
1189 -1177 1179 0
1189 1177 -1179 0
-1189 1177 1179 0
-1189 -1177 -1179 0
1190 1157 -1158 0
1190 -1157 1158 0
-1190 -1157 -1158 0
-1190 1157 1158 0
1191 -1192 1202 0
-1191 1192 0
-1191 -1202 0
-1192 1193 1199 0
1192 -1193 0
1192 -1199 0
1193 -1194 1196 0
-1193 1194 0
-1193 -1196 0
-1194 999 1195 0
-1194 1446 1195 0
1194 -1195 0
1194 -1446 -999 0
1195 -1448 -954 0
-1195 1448 0
-1195 954 0
1196 966 -1197 0
1196 1447 -1197 0
-1196 1197 0
-1196 -1447 -966 0
1197 1198 -1195 0
1197 -1198 1195 0
-1197 -1198 -1195 0
-1197 1198 1195 0
1198 -1446 -999 0
-1198 1446 0
-1198 999 0
1199 1200 -1201 0
1199 -1200 1201 0
-1199 -1200 -1201 0
-1199 1200 1201 0
1200 -1450 -887 0
-1200 1450 0
-1200 887 0
1201 -1449 -871 0
-1201 1449 0
-1201 871 0
1202 1203 -1205 0
-1202 -1203 0
-1202 1205 0
-1203 -1161 -1204 0
-1203 1161 1204 0
1203 1161 -1204 0
1203 -1161 1204 0
1204 1159 -1160 0
1204 -1159 1160 0
-1204 -1159 -1160 0
-1204 1159 1160 0
1205 1193 -1199 0
1205 -1193 1199 0
-1205 -1193 -1199 0
-1205 1193 1199 0
1206 1184 -1185 0
1206 -1184 1185 0
-1206 -1184 -1185 0
-1206 1184 1185 0
-1207 1224 1226 0
-1207 1208 1224 0
-1207 1208 1226 0
1207 -1208 -1224 0
1207 -1224 -1226 0
1207 -1208 -1226 0
1208 -1209 1221 0
-1208 1209 0
-1208 -1221 0
-1209 1210 1212 0
1209 -1210 0
1209 -1212 0
-1210 -1176 -1211 0
-1210 1176 1211 0
1210 1176 -1211 0
1210 -1176 1211 0
1211 1174 -1175 0
1211 -1174 1175 0
-1211 -1174 -1175 0
-1211 1174 1175 0
1212 -1213 1215 0
-1212 1213 0
-1212 -1215 0
-1213 1046 1214 0
-1213 1445 1214 0
1213 -1214 0
1213 -1445 -1046 0
1214 -1449 -1450 -877 -954 0
-1214 1450 0
-1214 954 0
-1214 1449 0
-1214 877 0
1215 -1216 1218 0
-1215 1216 0
-1215 -1218 0
1216 1217 -1214 0
1216 -1217 1214 0
-1216 -1217 -1214 0
-1216 1217 1214 0
1217 -1445 -1046 0
-1217 1445 0
-1217 1046 0
1218 1219 -1220 0
1218 -1219 1220 0
-1218 -1219 -1220 0
-1218 1219 1220 0
1219 -1450 -871 0
-1219 1450 0
-1219 871 0
1220 -1449 -877 0
-1220 1449 0
-1220 877 0
1221 -1222 1223 0
-1221 1222 0
-1221 -1223 0
1222 1210 -1212 0
1222 -1210 1212 0
-1222 -1210 -1212 0
-1222 1210 1212 0
-1223 -1203 -1205 0
-1223 1203 1205 0
1223 1203 -1205 0
1223 -1203 1205 0
1224 1191 -1225 0
1224 -1191 1225 0
-1224 -1191 -1225 0
-1224 1191 1225 0
1225 1188 -1190 0
1225 -1188 1190 0
-1225 -1188 -1190 0
-1225 1188 1190 0
-1226 1227 1240 0
-1226 1240 1241 0
-1226 1227 1241 0
1226 -1240 -1241 0
1226 -1227 -1240 0
1226 -1227 -1241 0
1227 -1228 1237 0
-1227 1228 0
-1227 -1237 0
-1228 1229 1235 0
1228 -1229 0
1228 -1235 0
1229 -1230 1232 0
-1229 1230 0
-1229 -1232 0
-1230 1046 1231 0
-1230 1446 1231 0
1230 -1231 0
1230 -1446 -1046 0
1231 -1448 -966 0
-1231 1448 0
-1231 966 0
1232 999 -1233 0
1232 1447 -1233 0
-1232 1233 0
-1232 -1447 -999 0
1233 1234 -1231 0
1233 -1234 1231 0
-1233 -1234 -1231 0
-1233 1234 1231 0
1234 -1446 -1046 0
-1234 1446 0
-1234 1046 0
-1235 -1236 -1197 0
-1235 1236 1197 0
1235 1236 -1197 0
1235 -1236 1197 0
1236 -1447 -966 0
-1236 1447 0
-1236 966 0
1237 -1238 1239 0
-1237 1238 0
-1237 -1239 0
1238 -1229 1235 0
1238 1229 -1235 0
-1238 1229 1235 0
-1238 -1229 -1235 0
-1239 -1216 -1218 0
-1239 1216 1218 0
1239 1216 -1218 0
1239 -1216 1218 0
-1240 1222 1223 0
-1240 -1222 -1223 0
1240 -1222 1223 0
1240 1222 -1223 0
-1241 1242 1252 0
-1241 1252 1253 0
-1241 1242 1253 0
1241 -1252 -1253 0
1241 -1242 -1252 0
1241 -1242 -1253 0
1242 -1243 1248 0
-1242 1243 0
-1242 -1248 0
-1243 1244 1245 0
1243 -1244 0
1243 -1245 0
1244 -1449 -1450 -954 -966 0
-1244 1450 0
-1244 966 0
-1244 1449 0
-1244 954 0
1245 1246 -1247 0
1245 -1246 1247 0
-1245 -1246 -1247 0
-1245 1246 1247 0
1246 -1449 -954 0
-1246 1449 0
-1246 954 0
1247 -1450 -877 0
-1247 1450 0
-1247 877 0
1248 -1249 1250 0
-1248 1249 0
-1248 -1250 0
1249 1244 -1245 0
1249 -1244 1245 0
-1249 -1244 -1245 0
-1249 1244 1245 0
-1250 -1251 -1233 0
-1250 1251 1233 0
1250 1251 -1233 0
1250 -1251 1233 0
1251 -1447 -999 0
-1251 1447 0
-1251 999 0
-1252 1238 1239 0
-1252 -1238 -1239 0
1252 -1238 1239 0
1252 1238 -1239 0
-1253 1254 1259 0
-1253 1259 1260 0
-1253 1254 1260 0
1253 -1254 -1260 0
1253 -1259 -1260 0
1253 -1254 -1259 0
-1254 1046 1255 0
-1254 1447 1256 0
-1254 1046 1256 0
-1254 1255 1256 0
-1254 1447 1255 0
1254 -1255 -1256 0
1254 -1447 -1046 -1255 0
1254 -1447 -1046 -1256 0
1255 -1448 -999 0
-1255 1448 0
-1255 999 0
1256 1257 -1258 0
1256 -1257 1258 0
-1256 -1257 -1258 0
-1256 1257 1258 0
1257 -1449 -966 0
-1257 1449 0
-1257 966 0
1258 -1450 -954 0
-1258 1450 0
-1258 954 0
-1259 1249 1250 0
-1259 -1249 -1250 0
1259 -1249 1250 0
1259 1249 -1250 0
-1260 1261 1265 0
-1260 1261 1264 0
-1260 1264 1265 0
1260 -1264 -1265 0
1260 -1261 -1265 0
1260 -1261 -1264 0
-1261 -1256 -1262 0
-1261 1256 1262 0
1261 1256 -1262 0
1261 -1256 1262 0
1262 1255 -1263 0
1262 -1255 1263 0
-1262 -1255 -1263 0
-1262 1255 1263 0
1263 -1447 -1046 0
-1263 1447 0
-1263 1046 0
1264 -1448 -1450 -966 -1046 0
-1264 1450 0
-1264 1046 0
-1264 1448 0
-1264 966 0
-1265 1449 0
-1265 999 0
-1265 1266 1267 0
1265 -1449 -999 -1266 0
1265 -1449 -999 -1267 0
1266 -1450 -1046 0
-1266 1450 0
-1266 1046 0
1267 1268 -1269 0
1267 -1268 1269 0
-1267 -1268 -1269 0
-1267 1268 1269 0
1268 -1450 -966 0
-1268 1450 0
-1268 966 0
1269 -1448 -1046 0
-1269 1448 0
-1269 1046 0
1270 -1168 -1170 0
-1270 1168 0
-1270 1170 0
-1271 1272 1276 1311 0
-1271 -1272 -1309 1311 0
1271 -1311 0
1271 -1272 1309 0
1271 1272 -1276 0
1272 1273 -1275 0
1272 -1273 1275 0
-1272 -1273 -1275 0
-1272 1273 1275 0
-1273 865 1028 0
-1273 1028 1274 0
1273 -1028 0
1273 -865 -1274 0
-1274 929 1031 0
-1274 929 1029 0
1274 -929 0
1274 -1029 -1031 0
1275 -923 926 0
1275 923 -926 0
-1275 923 926 0
-1275 -923 -926 0
-1276 -794 1307 0
-1276 -797 1277 0
-1276 -794 -797 0
-1276 1277 1307 0
1276 794 -1277 0
1276 797 -1307 0
-1277 801 1278 0
1277 -801 0
1277 -1278 0
1278 -1279 -1281 0
-1278 1279 0
-1278 1281 0
-1279 -798 802 0
-1279 -799 1280 0
-1279 -798 -799 0
-1279 802 1280 0
1279 798 -1280 0
1279 799 -802 0
1280 -1441 -42 0
-1280 1441 0
-1280 42 0
-1281 807 1282 0
1281 -807 0
1281 -1282 0
1282 -1283 -1285 0
-1282 1283 0
-1282 1285 0
-1283 -804 808 0
-1283 -805 1284 0
-1283 -804 -805 0
-1283 808 1284 0
1283 804 -1284 0
1283 805 -808 0
1284 -1441 -51 0
-1284 1441 0
-1284 51 0
-1285 813 1286 0
1285 -813 0
1285 -1286 0
1286 -1287 -1289 0
-1286 1287 0
-1286 1289 0
-1287 -810 814 0
-1287 -811 1288 0
-1287 -810 -811 0
-1287 814 1288 0
1287 810 -1288 0
1287 811 -814 0
1288 -1441 -60 0
-1288 1441 0
-1288 60 0
-1289 819 1290 0
1289 -819 0
1289 -1290 0
1290 -1291 -1293 0
-1290 1291 0
-1290 1293 0
-1291 -816 820 0
-1291 -817 1292 0
-1291 -816 -817 0
-1291 820 1292 0
1291 816 -1292 0
1291 817 -820 0
1292 -1441 -69 0
-1292 1441 0
-1292 69 0
-1293 825 1294 0
1293 -825 0
1293 -1294 0
1294 -1295 -1297 0
-1294 1295 0
-1294 1297 0
-1295 -822 826 0
-1295 -823 1296 0
-1295 -822 -823 0
-1295 826 1296 0
1295 822 -1296 0
1295 823 -826 0
1296 -1441 -78 0
-1296 1441 0
-1296 78 0
-1297 831 1298 0
1297 -831 0
1297 -1298 0
1298 -1299 -1301 0
-1298 1299 0
-1298 1301 0
-1299 -828 832 0
-1299 -829 1300 0
-1299 -828 -829 0
-1299 832 1300 0
1299 828 -1300 0
1299 829 -832 0
1300 -1441 -87 0
-1300 1441 0
-1300 87 0
-1301 837 1302 0
1301 -837 0
1301 -1302 0
1302 -1303 -1305 0
-1302 1303 0
-1302 1305 0
1303 -1441 -143 -1304 0
-1303 1441 0
-1303 143 0
-1303 1304 0
-1304 -745 789 0
-1304 -748 787 0
-1304 -745 -748 0
-1304 787 789 0
1304 748 -789 0
1304 745 -787 0
-1305 -834 838 0
-1305 -835 1306 0
-1305 -834 -835 0
-1305 838 1306 0
1305 834 -1306 0
1305 835 -838 0
1306 -1441 -96 0
-1306 1441 0
-1306 96 0
-1307 -792 796 0
-1307 -793 1308 0
-1307 -792 -793 0
-1307 796 1308 0
1307 792 -1308 0
1307 793 -796 0
1308 -1441 -33 0
-1308 1441 0
-1308 33 0
1309 -794 1310 0
1309 -797 1310 0
-1309 -1310 0
-1309 794 797 0
1310 -1277 -1307 0
-1310 1277 0
-1310 1307 0
-1311 1312 1314 1316 0
-1311 -1312 -1315 1316 0
1311 -1316 0
1311 -1312 1315 0
1311 1312 -1314 0
1312 1274 -1313 0
1312 -1274 1313 0
-1312 -1274 -1313 0
-1312 1274 1313 0
1313 -865 1028 0
-1313 865 0
-1313 -1028 0
-1314 -800 -803 0
-1314 1279 1281 0
-1314 -803 1281 0
-1314 -800 1279 0
1314 803 -1279 0
1314 800 -1281 0
1315 -800 1278 0
1315 -803 1278 0
-1315 -1278 0
-1315 800 803 0
-1316 1317 1323 1325 0
-1316 -1317 -1324 1325 0
1316 -1325 0
1316 -1317 1324 0
1316 1317 -1323 0
1317 -1318 1319 0
1317 -21 1318 -1319 0
1317 1318 -1319 1320 0
-1317 1318 1319 0
-1317 -1318 -1319 0
-1317 21 1318 -1320 0
-1318 976 1030 0
-1318 976 1031 0
1318 -976 0
1318 -1030 -1031 0
1319 930 -975 0
-1319 -930 0
-1319 975 0
1320 -1441 -1442 -1321 -1322 0
-1320 1322 0
-1320 1441 0
-1320 1321 0
-1320 1442 0
1321 -1447 -1448 -1449 -1450 0
-1321 1450 0
-1321 1447 0
-1321 1449 0
-1321 1448 0
1322 -1443 -1444 -1445 -1446 0
-1322 1446 0
-1322 1443 0
-1322 1445 0
-1322 1444 0
-1323 -806 -809 0
-1323 1283 1285 0
-1323 -809 1285 0
-1323 -806 1283 0
1323 809 -1283 0
1323 806 -1285 0
1324 -806 1282 0
1324 -809 1282 0
-1324 -1282 0
-1324 806 809 0
-1325 1326 1328 1330 0
-1325 -1326 -1329 1330 0
1325 -1330 0
1325 -1326 1329 0
1325 1326 -1328 0
1326 1031 -1327 0
1326 -1031 1327 0
-1326 -1031 -1327 0
-1326 1031 1327 0
1327 976 -1030 0
-1327 -976 0
-1327 1030 0
-1328 -812 -815 0
-1328 1287 1289 0
-1328 -815 1289 0
-1328 -812 1287 0
1328 815 -1287 0
1328 812 -1289 0
1329 -812 1286 0
1329 -815 1286 0
-1329 -1286 0
-1329 812 815 0
-1330 1331 1333 1335 0
-1330 -1331 -1334 1335 0
1330 -1335 0
1330 -1331 1334 0
1330 1331 -1333 0
1331 1090 -1332 0
1331 -1090 1332 0
-1331 -1090 -1332 0
-1331 1090 1332 0
1332 1032 -1088 0
1332 -1032 1088 0
-1332 -1032 -1088 0
-1332 1032 1088 0
-1333 -818 -821 0
-1333 1291 1293 0
-1333 -821 1293 0
-1333 -818 1291 0
1333 821 -1291 0
1333 818 -1293 0
1334 -818 1290 0
1334 -821 1290 0
-1334 -1290 0
-1334 818 821 0
-1335 1336 1338 1340 0
-1335 -1336 -1339 1340 0
1335 -1340 0
1335 -1336 1339 0
1335 1336 -1338 0
1336 1119 -1337 0
1336 -1119 1337 0
-1336 -1119 -1337 0
-1336 1119 1337 0
1337 1091 -1093 0
1337 -1091 1093 0
-1337 -1091 -1093 0
-1337 1091 1093 0
-1338 -824 -827 0
-1338 1295 1297 0
-1338 -827 1297 0
-1338 -824 1295 0
1338 827 -1295 0
1338 824 -1297 0
1339 -824 1294 0
1339 -827 1294 0
-1339 -1294 0
-1339 824 827 0
-1340 1341 1343 1345 0
-1340 -1341 -1344 1345 0
1340 -1345 0
1340 -1341 1344 0
1340 1341 -1343 0
1341 1141 -1342 0
1341 -1141 1342 0
-1341 -1141 -1342 0
-1341 1141 1342 0
1342 -1120 1140 0
1342 1120 -1140 0
-1342 1120 1140 0
-1342 -1120 -1140 0
-1343 -830 -833 0
-1343 1299 1301 0
-1343 -833 1301 0
-1343 -830 1299 0
1343 833 -1299 0
1343 830 -1301 0
1344 -830 1298 0
1344 -833 1298 0
-1344 -1298 0
-1344 830 833 0
-1345 1346 1348 1350 0
-1345 -1346 -1349 1350 0
1345 -1350 0
1345 -1346 1349 0
1345 1346 -1348 0
1346 1166 -1347 0
1346 -1166 1347 0
-1346 -1166 -1347 0
-1346 1166 1347 0
1347 -1142 1144 0
1347 1142 -1144 0
-1347 1142 1144 0
-1347 -1142 -1144 0
-1348 -836 1305 0
-1348 -839 1303 0
-1348 -836 -839 0
-1348 1303 1305 0
1348 839 -1305 0
1348 836 -1303 0
1349 -836 1302 0
1349 -839 1302 0
-1349 -1302 0
-1349 836 839 0
-1350 1351 1353 1356 0
-1350 -1351 -1355 1356 0
1350 -1356 0
1350 -1351 1355 0
1350 1351 -1353 0
1351 1186 -1352 0
1351 -1186 1352 0
-1351 -1186 -1352 0
-1351 1186 1352 0
1352 -1168 1170 0
1352 1168 -1170 0
-1352 1168 1170 0
-1352 -1168 -1170 0
-1353 -840 1304 0
-1353 -841 1354 0
-1353 -840 -841 0
-1353 1304 1354 0
1353 840 -1354 0
1353 841 -1304 0
1354 -1441 -143 0
-1354 1441 0
-1354 143 0
1355 -840 1303 0
1355 -841 1303 0
-1355 -1303 0
-1355 840 841 0
-1356 1357 1359 1362 0
-1356 -1357 -1361 1362 0
1356 -1362 0
1356 -1357 1361 0
1356 1357 -1359 0
1357 1207 -1358 0
1357 -1207 1358 0
-1357 -1207 -1358 0
-1357 1207 1358 0
1358 1187 -1206 0
1358 -1187 1206 0
-1358 -1187 -1206 0
-1358 1187 1206 0
-1359 -749 788 0
-1359 -750 1360 0
-1359 -749 -750 0
-1359 788 1360 0
1359 749 -1360 0
1359 750 -788 0
1360 -1442 -143 0
-1360 1442 0
-1360 143 0
1361 -749 787 0
1361 -750 787 0
-1361 -787 0
-1361 749 750 0
-1362 1363 1365 1368 0
-1362 -1363 -1367 1368 0
1362 -1368 0
1362 1363 -1365 0
1362 -1363 1367 0
-1363 -1226 -1364 0
-1363 1226 1364 0
1363 1226 -1364 0
1363 -1226 1364 0
1364 1208 -1224 0
1364 -1208 1224 0
-1364 -1208 -1224 0
-1364 1208 1224 0
-1365 -657 697 0
-1365 -658 1366 0
-1365 -657 -658 0
-1365 697 1366 0
1365 657 -1366 0
1365 658 -697 0
1366 -1443 -143 0
-1366 1443 0
-1366 143 0
1367 -657 696 0
1367 -658 696 0
-1367 -696 0
-1367 657 658 0
-1368 1369 1371 1374 0
-1368 -1369 -1373 1374 0
1368 -1374 0
1368 1369 -1371 0
1368 -1369 1373 0
-1369 -1241 -1370 0
-1369 1241 1370 0
1369 1241 -1370 0
1369 -1241 1370 0
1370 -1227 1240 0
1370 1227 -1240 0
-1370 1227 1240 0
-1370 -1227 -1240 0
-1371 -565 605 0
-1371 -566 1372 0
-1371 -565 -566 0
-1371 605 1372 0
1371 565 -1372 0
1371 566 -605 0
1372 -1444 -143 0
-1372 1444 0
-1372 143 0
1373 -565 604 0
1373 -566 604 0
-1373 -604 0
-1373 565 566 0
-1374 1375 1377 1380 0
-1374 -1375 -1379 1380 0
1374 -1380 0
1374 -1375 1379 0
1374 1375 -1377 0
1375 1253 -1376 0
1375 -1253 1376 0
-1375 -1253 -1376 0
-1375 1253 1376 0
1376 -1242 1252 0
1376 1242 -1252 0
-1376 1242 1252 0
-1376 -1242 -1252 0
-1377 -473 513 0
-1377 -474 1378 0
-1377 -473 -474 0
-1377 513 1378 0
1377 473 -1378 0
1377 474 -513 0
1378 -1445 -143 0
-1378 1445 0
-1378 143 0
1379 -473 512 0
1379 -474 512 0
-1379 -512 0
-1379 473 474 0
-1380 1381 1383 1386 0
-1380 -1381 -1385 1386 0
1380 -1386 0
1380 -1381 1385 0
1380 1381 -1383 0
1381 1260 -1382 0
1381 -1260 1382 0
-1381 -1260 -1382 0
-1381 1260 1382 0
1382 -1254 1259 0
1382 1254 -1259 0
-1382 1254 1259 0
-1382 -1254 -1259 0
-1383 -381 421 0
-1383 -382 1384 0
-1383 -381 -382 0
-1383 421 1384 0
1383 381 -1384 0
1383 382 -421 0
1384 -1446 -143 0
-1384 1446 0
-1384 143 0
1385 -381 420 0
1385 -382 420 0
-1385 -420 0
-1385 381 382 0
-1386 1387 1389 1392 0
-1386 -1387 -1391 1392 0
1386 -1392 0
1386 1387 -1389 0
1386 -1387 1391 0
-1387 -1265 -1388 0
-1387 1265 1388 0
1387 1265 -1388 0
1387 -1265 1388 0
1388 1261 -1264 0
1388 -1261 1264 0
-1388 -1261 -1264 0
-1388 1261 1264 0
-1389 -289 329 0
-1389 -290 1390 0
-1389 -289 -290 0
-1389 329 1390 0
1389 289 -1390 0
1389 290 -329 0
1390 -1447 -143 0
-1390 1447 0
-1390 143 0
1391 -289 328 0
1391 -290 328 0
-1391 -328 0
-1391 289 290 0
-1392 1393 1395 1398 0
-1392 -1393 -1397 1398 0
1392 -1398 0
1392 -1393 1397 0
1392 1393 -1395 0
1393 1394 -1267 0
1393 -1394 1267 0
-1393 -1394 -1267 0
-1393 1394 1267 0
1394 -1449 -999 1046 0
1394 -1449 1450 -999 0
-1394 1449 0
-1394 999 0
-1394 -1450 -1046 0
-1395 -197 237 0
-1395 -198 1396 0
-1395 -197 -198 0
-1395 237 1396 0
1395 197 -1396 0
1395 198 -237 0
1396 -1448 -143 0
-1396 1448 0
-1396 143 0
1397 -197 236 0
1397 -198 236 0
-1397 -236 0
-1397 197 198 0
1398 1449 -1450 -1399 0
1398 -1449 15 -1399 0
-1398 1399 0
-1398 -1449 -15 0
-1398 1449 1450 0
-1399 -98 -1046 1400 0
-1399 143 1046 1400 0
1399 -1400 0
1399 -143 1046 0
1399 98 -1046 0
1400 -1450 91 -999 0
1400 -1450 -96 999 0
-1400 1450 0
-1400 -91 -999 0
-1400 96 999 0
-1401 -1402 1408 -1410 0
-1401 1402 1404 1408 0
1401 -1408 0
1401 1402 -1404 0
1401 -1402 1410 0
-1402 -863 -1403 0
-1402 863 1403 0
1402 863 -1403 0
1402 -863 1403 0
1403 844 -862 0
1403 -844 862 0
-1403 -844 -862 0
-1403 844 862 0
-1404 -4 1406 0
-1404 -791 1405 0
-1404 -4 -791 0
-1404 1405 1406 0
1404 4 -1405 0
1404 791 -1406 0
-1405 795 1310 0
1405 -795 0
1405 -1310 0
-1406 -751 1407 0
-1406 -5 753 0
-1406 -5 -751 0
-1406 753 1407 0
1406 5 -1407 0
1406 751 -753 0
1407 -1441 -32 0
-1407 1441 0
-1407 32 0
1408 -752 843 0
1408 843 -1409 0
-1408 -843 0
-1408 752 1409 0
1409 -1405 -1406 0
-1409 1405 0
-1409 1406 0
1410 -4 1409 0
1410 -791 1409 0
-1410 -1409 0
-1410 4 791 0
-1459 0
2 0

